Date,Open,High,Low,Close,Volume,Market Cap
"Dec 16, 2017",0.000062,0.000101,0.000059,0.000095,"252,382","13,798,600"
"Dec 15, 2017",0.000050,0.000065,0.000048,0.000062,"48,140","11,184,800"
"Dec 14, 2017",0.000051,0.000056,0.000045,0.000050,"36,296","11,394,100"
"Dec 13, 2017",0.000052,0.000061,0.000045,0.000051,"12,493","11,524,200"
"Dec 12, 2017",0.000045,0.000062,0.000044,0.000052,"27,051","9,974,120"
"Dec 11, 2017",0.000041,0.000051,0.000038,0.000044,"31,467","9,186,270"
"Dec 10, 2017",0.000039,0.000050,0.000034,0.000042,"13,326","8,736,820"
"Dec 09, 2017",0.000045,0.000050,0.000034,0.000039,"14,530","9,975,850"
"Dec 08, 2017",0.000070,0.000073,0.000036,0.000044,"13,501","15,558,800"
"Dec 07, 2017",0.000045,0.000072,0.000043,0.000071,"17,070","9,929,850"
"Dec 06, 2017",0.000045,0.000054,0.000031,0.000044,"10,999","9,937,930"
"Dec 05, 2017",0.000053,0.000061,0.000043,0.000045,"5,443","11,859,400"
"Dec 04, 2017",0.000048,0.000059,0.000038,0.000053,"5,448","10,688,400"
"Dec 03, 2017",0.000030,0.000055,0.000027,0.000048,"5,610","6,668,440"
"Dec 02, 2017",0.000037,0.000038,0.000028,0.000030,"4,179","8,162,760"
"Dec 01, 2017",0.000037,0.000050,0.000035,0.000036,"7,642","8,244,860"
"Nov 30, 2017",0.000030,0.000037,0.000026,0.000037,"4,175","6,797,660"
"Nov 29, 2017",0.000055,0.000056,0.000030,0.000030,"12,366","12,197,500"
"Nov 28, 2017",0.000035,0.000056,0.000034,0.000055,"5,687","7,819,900"
"Nov 27, 2017",0.000041,0.000047,0.000030,0.000035,"12,486","9,058,240"
"Nov 26, 2017",0.000023,0.000090,0.000022,0.000041,"4,777","5,027,820"
"Nov 25, 2017",0.000041,0.000042,0.000022,0.000023,"7,107","9,079,810"
"Nov 24, 2017",0.000034,0.000050,0.000033,0.000046,"9,560","7,502,880"
"Nov 23, 2017",0.000033,0.000037,0.000031,0.000034,"6,510","7,351,790"
"Nov 22, 2017",0.000045,0.000056,0.000025,0.000033,"17,714","10,013,800"
"Nov 21, 2017",0.000054,0.000057,0.000038,0.000045,"6,542","11,996,800"
"Nov 20, 2017",0.000047,0.000063,0.000037,0.000060,"3,273","10,386,500"
"Nov 19, 2017",0.000034,0.000053,0.000030,0.000047,"8,203","7,529,350"
"Nov 18, 2017",0.000037,0.000043,0.000031,0.000034,"3,704","8,192,180"
"Nov 17, 2017",0.000047,0.000053,0.000036,0.000037,"5,262","10,462,900"
"Nov 16, 2017",0.000038,0.000086,0.000038,0.000047,"12,490","8,481,530"
"Nov 15, 2017",0.000038,0.000089,0.000029,0.000038,"11,174","8,483,340"
"Nov 14, 2017",0.000032,0.000044,0.000025,0.000038,"6,465","7,085,810"
"Nov 13, 2017",0.000023,0.000033,0.000022,0.000032,"2,586","5,079,830"
"Nov 12, 2017",0.000024,0.000027,0.000021,0.000023,"2,385","5,328,140"
"Nov 11, 2017",0.000027,0.000037,0.000022,0.000024,"2,390","5,932,070"
"Nov 10, 2017",0.000024,0.000037,0.000021,0.000027,"3,255","5,311,560"
"Nov 09, 2017",0.000021,0.000031,0.000021,0.000024,"4,582","4,746,080"
"Nov 08, 2017",0.000024,0.000024,0.000020,0.000021,"20,041","5,258,460"
"Nov 07, 2017",0.000022,0.000025,0.000022,0.000024,"21,924","4,881,220"
"Nov 06, 2017",0.000019,0.000023,0.000018,0.000022,"21,437","4,227,880"
"Nov 05, 2017",0.000017,0.000021,0.000016,0.000019,"52,140","3,875,220"
"Nov 04, 2017",0.000023,0.000023,0.000015,0.000017,"59,722","5,043,840"
"Nov 03, 2017",0.000017,0.000028,0.000015,0.000023,"11,341","3,675,210"
"Nov 02, 2017",0.000023,0.000023,0.000014,0.000016,"13,243","5,018,410"
"Nov 01, 2017",0.000023,0.000031,0.000015,0.000022,"10,493","5,109,550"
"Oct 31, 2017",0.000025,0.000029,0.000022,0.000023,"15,042","5,583,270"
"Oct 30, 2017",0.000028,0.000031,0.000020,0.000025,"6,845","6,337,740"
"Oct 29, 2017",0.000032,0.000033,0.000028,0.000029,"6,518","7,028,800"
"Oct 28, 2017",0.000034,0.000034,0.000025,0.000032,"8,056","7,606,870"
"Oct 27, 2017",0.000037,0.000044,0.000032,0.000034,"2,659","8,281,230"
"Oct 26, 2017",0.000029,0.000038,0.000029,0.000038,"3,884","6,526,940"
"Oct 25, 2017",0.000044,0.000044,0.000021,0.000030,"7,370","9,678,840"
"Oct 24, 2017",0.000043,0.000045,0.000038,0.000043,"4,170","9,487,340"
"Oct 23, 2017",0.000039,0.000043,0.000035,0.000043,"5,509","8,663,770"
"Oct 22, 2017",0.000048,0.000049,0.000037,0.000039,"8,314","10,771,000"
"Oct 21, 2017",0.000055,0.000057,0.000046,0.000048,"3,863","12,150,500"
"Oct 20, 2017",0.000043,0.000056,0.000043,0.000055,"3,532","9,638,390"
"Oct 19, 2017",0.000046,0.000046,0.000042,0.000044,"3,760","10,229,300"
"Oct 18, 2017",0.000052,0.000052,0.000041,0.000046,"4,897","11,550,200"
"Oct 17, 2017",0.000050,0.000056,0.000048,0.000052,"9,313","11,098,900"
"Oct 16, 2017",0.000056,0.000140,0.000049,0.000050,"5,230","12,418,100"
"Oct 15, 2017",0.000048,0.000056,0.000047,0.000056,"51,890","10,589,300"
"Oct 14, 2017",0.000043,0.000050,0.000039,0.000048,"11,163","9,545,270"
"Oct 13, 2017",0.000049,0.000057,0.000036,0.000043,"13,169","10,831,000"
"Oct 12, 2017",0.000045,0.000071,0.000040,0.000048,"10,048","10,047,000"
"Oct 11, 2017",0.000049,0.000051,0.000040,0.000042,"8,762","10,896,100"
"Oct 10, 2017",0.000046,0.000058,0.000046,0.000049,"9,528","10,293,600"
"Oct 09, 2017",0.000045,0.000056,0.000043,0.000046,"16,431","9,999,890"
"Oct 08, 2017",0.000049,0.000061,0.000044,0.000045,"11,144","10,885,800"
"Oct 07, 2017",0.000045,0.000062,0.000043,0.000049,"12,004","9,934,790"
"Oct 06, 2017",0.000046,0.000063,0.000043,0.000045,"17,630","10,308,100"
"Oct 05, 2017",0.000045,0.000050,0.000042,0.000046,"60,748","9,976,970"
"Oct 04, 2017",0.000055,0.000095,0.000042,0.000047,"32,438","12,119,900"
"Oct 03, 2017",0.000046,0.000095,0.000044,0.000055,"17,037","10,208,200"
"Oct 02, 2017",0.000058,0.000075,0.000045,0.000046,"8,667","12,936,700"
"Oct 01, 2017",0.000068,0.000084,0.000043,0.000058,"11,895","15,131,700"
"Sep 30, 2017",0.000068,0.000084,0.000043,0.000068,"15,760","15,048,100"
"Sep 29, 2017",0.000055,0.000074,0.000042,0.000068,"15,695","12,132,200"
"Sep 28, 2017",0.000079,0.000107,0.000047,0.000055,"7,794","17,475,200"
"Sep 27, 2017",0.000085,0.000102,0.000050,0.000079,"13,390","18,982,500"
"Sep 26, 2017",0.000065,0.000086,0.000041,0.000085,"8,946","14,502,400"
"Sep 25, 2017",0.000060,0.000069,0.000041,0.000065,"11,502","13,369,200"
"Sep 24, 2017",0.000077,0.000077,0.000039,0.000062,"5,356","17,153,300"
"Sep 23, 2017",0.000059,0.000125,0.000054,0.000077,"4,595","13,015,200"
"Sep 22, 2017",0.000039,0.000099,0.000037,0.000059,"3,753","8,727,500"
"Sep 21, 2017",0.000076,0.000078,0.000039,0.000039,"16,651","16,791,400"
"Sep 20, 2017",0.000060,0.000088,0.000040,0.000049,"12,265","13,374,300"
"Sep 19, 2017",0.000056,0.000096,0.000043,0.000060,"9,263","12,516,800"
"Sep 18, 2017",0.000052,0.000078,0.000043,0.000056,"8,792","11,454,700"
"Sep 17, 2017",0.000055,0.000058,0.000039,0.000052,"11,933","12,148,800"
"Sep 16, 2017",0.000049,0.000066,0.000038,0.000053,"8,601","10,909,200"
"Sep 15, 2017",0.000042,0.000075,0.000037,0.000053,"15,418","9,248,250"
"Sep 14, 2017",0.000043,0.000074,0.000035,0.000041,"17,165","9,462,820"
"Sep 13, 2017",0.000076,0.000096,0.000042,0.000042,"11,950","16,956,900"
"Sep 12, 2017",0.000074,0.000088,0.000048,0.000082,"17,901","16,492,200"
"Sep 11, 2017",0.000076,0.000091,0.000046,0.000074,"12,991","16,823,600"
"Sep 10, 2017",0.000061,0.000083,0.000045,0.000076,"17,540","13,555,200"
"Sep 09, 2017",0.000076,0.000077,0.000053,0.000062,"8,283","16,892,600"
"Sep 08, 2017",0.000083,0.000097,0.000049,0.000076,"10,977","18,489,200"
"Sep 07, 2017",0.000061,0.000095,0.000049,0.000083,"28,042","13,551,700"
"Sep 06, 2017",0.000050,0.000084,0.000049,0.000061,"24,389","11,206,200"
"Sep 05, 2017",0.000068,0.000083,0.000045,0.000050,"12,614","15,069,100"
"Sep 04, 2017",0.000090,0.000090,0.000047,0.000067,"14,913","19,914,900"
"Sep 03, 2017",0.000068,0.000090,0.000048,0.000090,"38,919","15,013,800"
"Sep 02, 2017",0.000074,0.000088,0.000053,0.000067,"16,181","16,409,600"
"Sep 01, 2017",0.000075,0.000092,0.000057,0.000074,"15,763","16,711,500"
"Aug 31, 2017",0.000080,0.000086,0.000051,0.000075,"10,984","17,776,000"
"Aug 30, 2017",0.000073,0.000108,0.000051,0.000080,"25,098","16,147,700"
"Aug 29, 2017",0.000082,0.000107,0.000047,0.000105,"36,275","18,322,600"
"Aug 28, 2017",0.000058,0.000084,0.000055,0.000082,"23,484","12,795,100"
"Aug 27, 2017",0.000087,0.000095,0.000046,0.000060,"19,947","19,308,500"
"Aug 26, 2017",0.000068,0.000098,0.000046,0.000086,"19,614","15,213,200"
"Aug 25, 2017",0.000063,0.000081,0.000045,0.000046,"18,705","14,035,600"
"Aug 24, 2017",0.000071,0.000077,0.000043,0.000063,"15,720","15,755,900"
"Aug 23, 2017",0.000048,0.000077,0.000043,0.000071,"23,012","10,708,000"
"Aug 22, 2017",0.000045,0.000059,0.000040,0.000048,"16,503","10,053,400"
"Aug 21, 2017",0.000045,0.000074,0.000044,0.000045,"11,454","9,893,300"
"Aug 20, 2017",0.000055,0.000065,0.000041,0.000045,"11,412","12,176,800"
"Aug 19, 2017",0.000054,0.000065,0.000043,0.000055,"12,868","12,029,600"
"Aug 18, 2017",0.000046,0.000064,0.000041,0.000054,"16,339","10,131,300"
"Aug 17, 2017",0.000047,0.000065,0.000041,0.000046,"16,568","10,381,900"
"Aug 16, 2017",0.000072,0.000072,0.000043,0.000047,"10,083","15,993,900"
"Aug 15, 2017",0.000065,0.000072,0.000043,0.000072,"18,352","14,362,000"
"Aug 14, 2017",0.000059,0.000076,0.000052,0.000064,"20,970","13,111,700"
"Aug 13, 2017",0.000075,0.000081,0.000043,0.000058,"42,246","16,602,500"
"Aug 12, 2017",0.000067,0.000084,0.000040,0.000075,"35,953","14,909,300"
"Aug 11, 2017",0.000041,0.000079,0.000038,0.000067,"19,960","9,120,030"
"Aug 10, 2017",0.000041,0.000068,0.000036,0.000041,"43,196","9,092,570"
"Aug 09, 2017",0.000050,0.000077,0.000039,0.000041,"40,460","11,183,300"
"Aug 08, 2017",0.000050,0.000073,0.000041,0.000050,"6,855","11,105,200"
"Aug 07, 2017",0.000057,0.000063,0.000040,0.000050,"7,086","12,708,100"
"Aug 06, 2017",0.000063,0.000063,0.000044,0.000057,"9,783","13,890,200"
"Aug 05, 2017",0.000056,0.000064,0.000046,0.000062,"11,582","12,392,300"
"Aug 04, 2017",0.000043,0.000260,0.000028,0.000056,"14,092","9,637,020"
"Aug 03, 2017",0.000044,0.000097,0.000033,0.000037,"11,295","9,764,830"
"Aug 02, 2017",0.000040,0.000068,0.000032,0.000044,"11,045","8,953,800"
"Aug 01, 2017",0.000056,0.000067,0.000037,0.000040,"5,350","12,502,400"
"Jul 31, 2017",0.000051,0.000072,0.000037,0.000056,"7,275","11,256,200"
"Jul 30, 2017",0.000051,0.000067,0.000038,0.000039,"6,683","11,285,300"
"Jul 29, 2017",0.000055,0.000056,0.000033,0.000051,"5,551","12,305,900"
"Jul 28, 2017",0.000051,0.000092,0.000034,0.000056,"8,289","11,344,700"
"Jul 27, 2017",0.000059,0.000122,0.000031,0.000051,"38,825","13,019,500"
"Jul 26, 2017",0.000055,0.000062,0.000038,0.000062,"11,389","12,227,400"
"Jul 25, 2017",0.000054,0.000064,0.000032,0.000055,"13,878","12,054,500"
"Jul 24, 2017",0.000060,0.000064,0.000037,0.000054,"28,103","13,220,600"
"Jul 23, 2017",0.000071,0.000092,0.000038,0.000059,"52,491","15,827,800"
"Jul 22, 2017",0.000066,0.000087,0.000060,0.000071,"11,692","14,690,800"
"Jul 21, 2017",0.000063,0.000080,0.000056,0.000058,"13,549","13,952,000"
"Jul 20, 2017",0.000066,0.000094,0.000055,0.000062,"19,070","14,620,600"
"Jul 19, 2017",0.000065,0.000072,0.000050,0.000068,"23,693","14,438,000"
"Jul 18, 2017",0.000063,0.000071,0.000051,0.000065,"13,979","13,905,000"
"Jul 17, 2017",0.000053,0.000069,0.000042,0.000062,"13,069","11,689,500"
"Jul 16, 2017",0.000062,0.000073,0.000041,0.000053,"11,527","13,779,700"
"Jul 15, 2017",0.000056,0.000066,0.000047,0.000062,"8,460","12,352,800"
"Jul 14, 2017",0.000069,0.000081,0.000051,0.000056,"10,859","15,373,100"
"Jul 13, 2017",0.000056,0.000073,0.000051,0.000069,"16,589","12,426,200"
"Jul 12, 2017",0.000064,0.000071,0.000050,0.000056,"27,825","14,113,700"
"Jul 11, 2017",0.000069,0.000071,0.000051,0.000064,"21,638","15,431,500"
"Jul 10, 2017",0.000075,0.000077,0.000052,0.000069,"12,125","16,673,700"
"Jul 09, 2017",0.000062,0.000081,0.000057,0.000075,"12,194","13,668,000"
"Jul 08, 2017",0.000074,0.000081,0.000053,0.000062,"15,699","16,436,000"
"Jul 07, 2017",0.000061,0.000096,0.000056,0.000074,"60,380","13,545,800"
"Jul 06, 2017",0.000069,0.000079,0.000058,0.000061,"16,245","15,404,000"
"Jul 05, 2017",0.000082,0.000090,0.000059,0.000069,"20,546","18,319,400"
"Jul 04, 2017",0.000076,0.000085,0.000059,0.000083,"16,577","16,972,200"
"Jul 03, 2017",0.000082,0.000089,0.000060,0.000073,"27,706","18,113,500"
"Jul 02, 2017",0.000075,0.000143,0.000062,0.000082,"57,218","16,721,200"
"Jul 01, 2017",0.000112,0.000119,0.000059,0.000062,"14,752","24,956,400"
"Jun 30, 2017",0.000086,0.000113,0.000075,0.000113,"29,245","19,128,400"
"Jun 29, 2017",0.000092,0.000104,0.000077,0.000086,"34,469","20,321,300"
"Jun 28, 2017",0.000086,0.000106,0.000081,0.000092,"35,975","19,095,900"
"Jun 27, 2017",0.000080,0.000104,0.000063,0.000085,"56,261","17,872,700"
"Jun 26, 2017",0.000088,0.000105,0.000055,0.000080,"46,785","19,633,300"
"Jun 25, 2017",0.000101,0.000107,0.000075,0.000087,"37,529","22,523,400"
"Jun 24, 2017",0.000105,0.000118,0.000082,0.000101,"54,007","23,304,600"
"Jun 23, 2017",0.000117,0.000117,0.000066,0.000105,"64,781","25,870,200"
"Jun 22, 2017",0.000084,0.000116,0.000076,0.000113,"70,149","18,681,300"
"Jun 21, 2017",0.000106,0.000135,0.000078,0.000084,"52,031","23,610,400"
"Jun 20, 2017",0.000107,0.000114,0.000062,0.000105,"129,805","23,829,500"
"Jun 19, 2017",0.000099,0.000111,0.000079,0.000108,"78,278","22,031,400"
"Jun 18, 2017",0.000127,0.000134,0.000081,0.000099,"190,751","28,251,800"
"Jun 17, 2017",0.000128,0.000147,0.000102,0.000127,"114,738","28,408,700"
"Jun 16, 2017",0.000124,0.000147,0.000104,0.000146,"86,525","27,475,200"
"Jun 15, 2017",0.000125,0.000141,0.000094,0.000124,"127,681","27,716,400"
"Jun 14, 2017",0.000139,0.000167,0.000121,0.000139,"152,045","30,751,700"
"Jun 13, 2017",0.000133,0.000140,0.000111,0.000138,"245,068","29,420,100"
"Jun 12, 2017",0.000176,0.000189,0.000119,0.000133,"209,724","39,050,600"
"Jun 11, 2017",0.000126,0.000181,0.000119,0.000176,"154,131","28,052,400"
"Jun 10, 2017",0.000168,0.000196,0.000120,0.000127,"472,020","37,385,300"
"Jun 09, 2017",0.000224,0.000227,0.000142,0.000168,"758,953","49,711,500"
"Jun 08, 2017",0.000266,0.000273,0.000167,0.000225,"1,136,500","58,991,700"
"Jun 07, 2017",0.000149,0.000273,0.000149,0.000262,"2,169,790","33,022,000"
"Jun 06, 2017",0.000157,0.000176,0.000113,0.000172,"818,623","34,936,500"
"Jun 05, 2017",0.000092,0.000189,0.000071,0.000161,"1,012,350","20,494,800"
"Jun 04, 2017",0.000074,0.000092,0.000055,0.000092,"114,587","16,373,600"
"Jun 03, 2017",0.000050,0.000077,0.000031,0.000074,"121,890","11,044,900"
"Jun 02, 2017",0.000027,0.000051,0.000026,0.000050,"103,976","5,933,600"
"Jun 01, 2017",0.000045,0.000048,0.000025,0.000044,"23,660","9,997,180"
"May 31, 2017",0.000029,0.000051,0.000025,0.000045,"32,901","6,382,020"
"May 30, 2017",0.000044,0.000052,0.000024,0.000029,"19,346","9,871,990"
"May 29, 2017",0.000044,0.000047,0.000024,0.000028,"32,324","9,790,510"
"May 28, 2017",0.000043,0.000049,0.000024,0.000044,"47,757","9,480,730"
"May 27, 2017",0.000045,0.000050,0.000023,0.000043,"48,845","10,025,700"
"May 26, 2017",0.000068,0.000076,0.000025,0.000045,"179,890","15,135,000"
"May 25, 2017",0.000063,0.000121,0.000036,0.000069,"552,090","14,063,800"
"May 24, 2017",0.000023,0.000065,0.000023,0.000064,"268,053","5,206,790"
"May 23, 2017",0.000025,0.000038,0.000023,0.000024,"34,289","5,455,670"
"May 22, 2017",0.000017,0.000025,0.000016,0.000024,"26,122","3,666,690"
"May 21, 2017",0.000019,0.000021,0.000013,0.000017,"19,887","4,253,550"
"May 20, 2017",0.000018,0.000026,0.000013,0.000019,"32,408","4,066,930"
"May 19, 2017",0.000017,0.000024,0.000013,0.000018,"19,843","3,738,220"
"May 18, 2017",0.000031,0.000032,0.000014,0.000017,"48,409","6,871,420"
"May 17, 2017",0.000007,0.000071,0.000007,0.000031,"7,680","1,644,720"
"May 16, 2017",0.000011,0.000017,0.000007,0.000007,"7,311","2,480,520"
"May 15, 2017",0.000083,0.000191,0.000011,0.000011,"7,502","18,402,800"
"May 14, 2017",0.000052,0.000298,0.000052,0.000083,"32,885","11,633,900"
"May 13, 2017",0.000128,0.000186,0.000015,0.000052,"5,999",-
"May 12, 2017",0.000027,0.000414,0.000024,0.000127,706,-
"May 11, 2017",0.000063,0.000070,0.000016,0.000027,"1,153",-
"May 10, 2017",0.000008,0.000125,0.000006,0.000062,618,"1,869,850"
"May 09, 2017",0.000009,0.000010,0.000008,0.000008,"1,102","1,900,530"
"May 08, 2017",0.000011,0.000012,0.000008,0.000008,"1,684","2,435,620"
"May 07, 2017",0.000007,0.000013,0.000006,0.000011,"4,159","1,444,790"
"May 06, 2017",0.000005,0.000007,0.000005,0.000006,"2,098","1,084,590"
"May 05, 2017",0.000006,0.000007,0.000005,0.000005,"1,460","1,395,530"
"May 04, 2017",0.000005,0.000007,0.000005,0.000006,"1,978","1,040,770"
"May 03, 2017",0.000004,0.000006,0.000003,0.000005,"1,694","778,290"
"May 02, 2017",0.000003,0.000005,0.000003,0.000004,418,"685,331"
"May 01, 2017",0.000004,0.000004,0.000003,0.000003,397,"779,365"
"Apr 30, 2017",0.000003,0.000004,0.000003,0.000004,416,"674,297"
"Apr 29, 2017",0.000003,0.000004,0.000003,0.000003,331,"677,036"
"Apr 28, 2017",0.000003,0.000003,0.000002,0.000003,456,"666,590"
"Apr 27, 2017",0.000002,0.000003,0.000002,0.000003,46,"553,228"
"Apr 26, 2017",0.000011,0.000011,0.000002,0.000002,101,"2,500,570"
"Apr 25, 2017",0.000007,0.000012,0.000007,0.000011,885,"1,641,010"
"Apr 24, 2017",0.000003,0.000008,0.000002,0.000007,180,"556,587"
"Apr 23, 2017",0.000003,0.000003,0.000002,0.000003,202,"734,875"
"Apr 22, 2017",0.000004,0.000004,0.000002,0.000003,201,"802,713"
"Apr 21, 2017",0.000004,0.000006,0.000003,0.000004,188,"787,303"
"Apr 20, 2017",0.000010,0.000010,0.000003,0.000004,363,"2,265,840"
"Apr 19, 2017",0.000010,0.000011,0.000006,0.000010,594,"2,200,660"
"Apr 18, 2017",0.000007,0.000011,0.000007,0.000010,305,"1,636,480"
"Apr 17, 2017",0.000004,0.000007,0.000002,0.000007,782,"843,918"
"Apr 16, 2017",0.000002,0.000004,0.000002,0.000004,28,"554,441"
"Apr 15, 2017",0.000006,0.000006,0.000002,0.000002,43,"1,249,210"
"Apr 14, 2017",0.000009,0.000010,0.000003,0.000006,66,"1,954,440"
"Apr 13, 2017",0.000010,0.000010,0.000009,0.000009,323,"2,243,930"
"Apr 12, 2017",0.000010,0.000011,0.000006,0.000010,408,"2,264,460"
"Apr 11, 2017",0.000007,0.000010,0.000005,0.000010,355,"1,608,210"
"Apr 10, 2017",0.000003,0.000012,0.000003,0.000007,999,"561,579"
"Apr 09, 2017",0.000005,0.000006,0.000003,0.000003,224,"1,199,300"
"Apr 08, 2017",0.000002,0.000005,0.000002,0.000005,851,"364,162"
"Apr 07, 2017",0.000002,0.000002,0.000001,0.000002,95,"518,854"
"Apr 06, 2017",0.000002,0.000003,0.000002,0.000002,331,"543,456"
"Apr 05, 2017",0.000003,0.000003,0.000002,0.000003,105,"662,284"
"Apr 04, 2017",0.000003,0.000004,0.000003,0.000003,213,"629,036"
"Apr 03, 2017",0.000004,0.000006,0.000003,0.000003,221,"921,249"
"Apr 02, 2017",0.000002,0.000004,0.000002,0.000004,362,"521,813"
"Apr 01, 2017",0.000002,0.000003,0.000001,0.000002,529,"341,006"
"Mar 31, 2017",0.000002,0.000002,0.000001,0.000002,96,"363,893"
"Mar 30, 2017",0.000001,0.000002,9e-07,0.000002,344,"254,476"
"Mar 29, 2017",0.000001,0.000001,8.4e-07,0.000001,224,"233,299"
"Mar 28, 2017",8.5e-07,0.000001,7.3e-07,0.000001,97,"188,478"
"Mar 27, 2017",9.1e-07,0.000001,7.3e-07,8.5e-07,92,"202,182"
"Mar 26, 2017",0.000001,0.000001,9.1e-07,9.1e-07,153,"247,732"
"Mar 25, 2017",0.000001,0.000002,9.8e-07,0.000001,61,"300,009"
"Mar 24, 2017",7.7e-07,0.000002,6.7e-07,0.000001,52,"170,100"
"Mar 23, 2017",7.7e-07,8.1e-07,5.2e-07,7.7e-07,204,"169,947"
"Mar 22, 2017",5.5e-07,7.7e-07,5.2e-07,7.7e-07,84,"122,101"
"Mar 21, 2017",0.000004,0.000004,5.1e-07,5.5e-07,65,"858,955"
"Mar 20, 2017",0.000003,0.000004,0.000002,0.000004,84,"565,762"
"Mar 19, 2017",0.000003,0.000005,0.000002,0.000003,136,"560,057"
"Mar 18, 2017",6.3e-07,0.000003,5.2e-07,0.000003,50,"139,557"
"Mar 17, 2017",4.7e-07,6.4e-07,4.3e-07,6.3e-07,18,"104,560"
"Mar 16, 2017",6.6e-07,6.9e-07,4.6e-07,4.7e-07,47,"147,214"
"Mar 15, 2017",9.1e-07,9.2e-07,5.9e-07,6.7e-07,108,"201,540"
"Mar 14, 2017",6.8e-07,0.000001,6.7e-07,9.1e-07,25,"150,941"
"Mar 13, 2017",6.9e-07,8e-07,6.1e-07,6.8e-07,185,"152,661"
"Mar 12, 2017",6.2e-07,7.1e-07,6.1e-07,6.7e-07,118,"138,343"
"Mar 11, 2017",6.3e-07,6.9e-07,6e-07,6.1e-07,96,"140,376"
"Mar 10, 2017",7.7e-07,7.7e-07,6.2e-07,6.3e-07,58,"169,927"
"Mar 09, 2017",6e-07,8e-07,5.8e-07,7.7e-07,131,"132,299"
"Mar 08, 2017",6.3e-07,7e-07,5.5e-07,6e-07,168,"139,393"
"Mar 07, 2017",9.7e-07,0.000001,6.1e-07,6.3e-07,65,"214,782"
"Mar 06, 2017",0.000001,0.000002,9.7e-07,9.7e-07,213,"251,158"
"Mar 05, 2017",7.4e-07,0.000001,6.3e-07,9.9e-07,198,"164,465"
"Mar 04, 2017",0.000004,0.000005,6.5e-07,7.5e-07,313,"850,254"
"Mar 03, 2017",0.000003,0.000004,0.000002,0.000004,81,"598,386"
"Mar 02, 2017",0.000004,0.000007,0.000003,0.000003,171,"858,527"
"Mar 01, 2017",6.2e-07,0.000004,6e-07,0.000004,22,"136,557"
"Feb 28, 2017",0.000002,0.000002,6e-07,6.2e-07,106,"356,605"
"Feb 27, 2017",0.000001,0.000002,0.000001,0.000002,80,"262,228"
"Feb 26, 2017",0.000001,0.000001,7.2e-07,0.000001,135,"297,896"
"Feb 25, 2017",7.1e-07,0.000003,7.1e-07,0.000002,57,"157,043"
"Feb 24, 2017",7.9e-07,8e-07,7e-07,7.2e-07,15,"174,345"
"Feb 23, 2017",7.1e-07,8e-07,6.9e-07,7.9e-07,42,"155,957"
"Feb 22, 2017",7.3e-07,7.7e-07,6.5e-07,6.7e-07,28,"161,194"
"Feb 21, 2017",6.3e-07,8.4e-07,6.2e-07,7.3e-07,100,"139,390"
"Feb 20, 2017",5.9e-07,6.8e-07,5.8e-07,6.2e-07,17,"129,907"
"Feb 19, 2017",6.9e-07,7.3e-07,5.7e-07,5.9e-07,63,"152,240"
"Feb 18, 2017",6.6e-07,7.4e-07,6.2e-07,6.9e-07,19,"146,332"
"Feb 17, 2017",7.3e-07,7.5e-07,6.4e-07,6.6e-07,29,"160,360"
"Feb 16, 2017",7.5e-07,7.7e-07,6.2e-07,7.3e-07,31,"165,177"
"Feb 15, 2017",8.3e-07,8.3e-07,6.4e-07,7.5e-07,71,"182,480"
"Feb 14, 2017",6.8e-07,0.000001,6.7e-07,8.3e-07,86,"149,971"
"Feb 13, 2017",7.7e-07,8.9e-07,6.6e-07,6.8e-07,81,"169,604"
"Feb 12, 2017",0.000001,0.000001,7e-07,7.6e-07,70,"249,618"
"Feb 11, 2017",0.000001,0.000001,7.4e-07,0.000001,44,"240,856"
"Feb 10, 2017",0.000001,0.000002,8.4e-07,0.000001,76,"318,703"
"Feb 09, 2017",6.8e-07,0.000003,6.6e-07,0.000001,74,"149,105"
"Feb 08, 2017",0.000003,0.000003,6.7e-07,6.7e-07,11,"613,766"
"Feb 07, 2017",0.000002,0.000003,6.6e-07,0.000003,95,"524,550"
"Feb 06, 2017",0.000003,0.000006,0.000002,0.000002,87,"618,329"
"Feb 05, 2017",0.000001,0.000003,6.9e-07,0.000003,110,"265,795"
"Feb 04, 2017",0.000002,0.000002,0.000001,0.000001,38,"361,275"
"Feb 03, 2017",0.000001,0.000002,7.2e-07,0.000002,19,"308,960"
"Feb 02, 2017",8.1e-07,0.000002,6.8e-07,0.000001,23,"179,446"
"Feb 01, 2017",0.000003,0.000003,7.3e-07,7.3e-07,32,"686,741"
"Jan 31, 2017",9.7e-07,0.000004,9.4e-07,0.000003,41,"214,555"
"Jan 30, 2017",0.000002,0.000003,9e-07,9.7e-07,39,"381,818"
"Jan 29, 2017",0.000003,0.000004,0.000002,0.000002,212,"646,810"
"Jan 28, 2017",0.000004,0.000004,0.000003,0.000003,54,"908,668"
"Jan 27, 2017",0.000002,0.000004,0.000002,0.000004,52,"460,333"
"Jan 26, 2017",0.000001,0.000002,0.000001,0.000002,73,"259,361"
"Jan 25, 2017",0.000001,0.000001,0.000001,0.000001,30,"236,948"
"Jan 24, 2017",0.000001,0.000001,0.000001,0.000001,26,"230,973"
"Jan 23, 2017",0.000005,0.000005,0.000001,0.000001,66,"1,038,020"
"Jan 22, 2017",0.000006,0.000006,0.000004,0.000005,53,"1,357,940"
"Jan 21, 2017",0.000005,0.000006,0.000003,0.000006,84,"1,013,810"
"Jan 20, 2017",0.000003,0.000005,0.000002,0.000005,74,"640,859"
"Jan 19, 2017",0.000006,0.000007,0.000002,0.000003,122,"1,320,640"
"Jan 18, 2017",0.000002,0.000006,0.000002,0.000006,35,"535,170"
"Jan 17, 2017",0.000002,0.000003,0.000002,0.000002,108,"504,890"
"Jan 16, 2017",0.000001,0.000003,0.000001,0.000002,68,"291,518"
"Jan 15, 2017",0.000003,0.000005,0.000001,0.000001,25,"768,048"
"Jan 14, 2017",0.000003,0.000004,0.000001,0.000003,49,"641,748"
"Jan 13, 2017",0.000003,0.000003,0.000002,0.000003,94,"742,969"
"Jan 12, 2017",0.000003,0.000005,0.000003,0.000003,72,"705,407"
"Jan 11, 2017",0.000003,0.000003,8.9e-07,0.000003,54,"653,704"
"Jan 10, 2017",0.000002,0.000004,0.000002,0.000003,52,"484,133"
"Jan 09, 2017",0.000004,0.000004,0.000001,0.000002,148,"781,977"
"Jan 08, 2017",0.000002,0.000005,0.000001,0.000004,94,"439,847"
"Jan 07, 2017",0.000003,0.000003,0.000001,0.000002,359,"588,908"
"Jan 06, 2017",0.000001,0.000006,0.000001,0.000004,88,"301,176"
"Jan 05, 2017",0.000002,0.000003,0.000001,0.000001,209,"497,384"
"Jan 04, 2017",0.000004,0.000005,0.000001,0.000002,212,"788,377"
"Jan 03, 2017",0.000002,0.000004,0.000002,0.000004,110,"484,900"
"Jan 02, 2017",0.000002,0.000003,0.000002,0.000002,208,"533,987"
"Jan 01, 2017",0.000003,0.000003,0.000002,0.000002,170,"555,853"
"Dec 31, 2016",0.000003,0.000003,0.000002,0.000003,261,"582,669"
"Dec 30, 2016",0.000004,0.000004,0.000001,0.000003,221,"834,834"
"Dec 29, 2016",0.000003,0.000007,0.000001,0.000004,276,"673,824"
"Dec 28, 2016",0.000007,0.000008,0.000003,0.000003,48,"1,634,560"
"Dec 27, 2016",0.000008,0.000009,0.000006,0.000007,73,"1,842,190"
"Dec 26, 2016",0.000002,0.000009,0.000002,0.000008,473,"433,475"
"Dec 25, 2016",0.000001,0.000002,8.7e-07,0.000002,78,"230,447"
"Dec 24, 2016",0.000001,0.000001,8.8e-07,0.000001,253,"246,047"
"Dec 23, 2016",9.2e-07,0.000001,8.4e-07,0.000001,39,"202,208"
"Dec 22, 2016",0.000001,0.000001,9.2e-07,9.2e-07,43,"316,780"
"Dec 21, 2016",7.3e-07,0.000001,7.3e-07,0.000001,34,"160,818"
"Dec 20, 2016",7.7e-07,8.5e-07,7.3e-07,7.3e-07,47,"167,966"
"Dec 19, 2016",9.6e-07,0.000001,7.6e-07,7.7e-07,21,"209,879"
"Dec 18, 2016",0.000002,0.000002,8.8e-07,9.5e-07,172,"372,642"
"Dec 17, 2016",0.000003,0.000003,8e-07,0.000002,60,"642,834"
"Dec 16, 2016",0.000002,0.000003,0.000002,0.000003,134,"398,337"
"Dec 15, 2016",9.9e-07,0.000002,8.7e-07,0.000002,100,"217,029"
"Dec 14, 2016",0.000001,0.000002,9.5e-07,9.9e-07,147,"320,869"
"Dec 13, 2016",0.000007,0.000007,9.4e-07,0.000001,109,"1,553,930"
"Dec 12, 2016",0.000005,0.000007,0.000004,0.000007,171,"1,031,160"
"Dec 11, 2016",0.000002,0.000005,0.000002,0.000005,199,"381,298"
"Dec 10, 2016",0.000004,0.000004,0.000002,0.000002,57,"874,812"
"Dec 09, 2016",5.7e-07,0.000004,5.6e-07,0.000004,22,"123,653"
"Dec 08, 2016",5.4e-07,7.3e-07,5.2e-07,5.6e-07,66,"118,362"
"Dec 07, 2016",6.5e-07,7.5e-07,5.3e-07,5.4e-07,38,"143,197"
"Dec 06, 2016",0.000006,0.000007,6.5e-07,6.6e-07,52,"1,346,030"
"Dec 05, 2016",0.000002,0.000007,0.000002,0.000006,501,"516,224"
"Dec 04, 2016",5e-07,0.000005,5e-07,0.000002,79,"109,916"
"Dec 03, 2016",0.000001,0.000001,5e-07,5.1e-07,19,"275,752"
"Dec 02, 2016",0.000007,0.000007,0.000001,0.000001,75,"1,477,370"
"Dec 01, 2016",0.000003,0.000007,0.000003,0.000007,10,"704,300"
"Nov 30, 2016",0.000003,0.000004,0.000003,0.000003,21,"660,756"
"Nov 29, 2016",0.000003,0.000003,0.000003,0.000003,28,"674,384"
"Nov 28, 2016",0.000004,0.000005,6.1e-07,0.000003,23,"949,128"
"Nov 27, 2016",0.000003,0.000006,0.000003,0.000004,67,"753,054"
"Nov 26, 2016",5.4e-07,0.000004,5.3e-07,0.000003,24,"117,078"
"Nov 25, 2016",5.4e-07,5.6e-07,5.3e-07,5.4e-07,15,"119,013"
"Nov 24, 2016",5.4e-07,6.5e-07,5.3e-07,5.4e-07,17,"117,733"
"Nov 23, 2016",5.9e-07,6.5e-07,5.4e-07,5.5e-07,16,"128,116"
"Nov 22, 2016",0.000005,0.000005,5.2e-07,5.9e-07,21,"1,009,040"
"Nov 21, 2016",0.000003,0.000006,0.000003,0.000005,25,"720,499"
"Nov 20, 2016",5.4e-07,0.000003,5.3e-07,0.000003,28,"118,761"
"Nov 19, 2016",6.7e-07,7.7e-07,5.4e-07,5.4e-07,20,"145,520"
"Nov 18, 2016",9.5e-07,0.000002,5.4e-07,6.7e-07,43,"206,855"
"Nov 17, 2016",6.2e-07,0.000003,6.1e-07,9.5e-07,134,"134,849"
"Nov 16, 2016",7.7e-07,0.000002,6.1e-07,6.2e-07,19,"168,599"
"Nov 15, 2016",0.000001,0.000002,5.6e-07,7.7e-07,210,"221,311"
"Nov 14, 2016",0.000003,0.000003,9.9e-07,1e-06,171,"588,757"
"Nov 13, 2016",5.9e-07,0.000003,5.6e-07,0.000003,34,"129,521"
"Nov 12, 2016",0.000003,0.000003,5.7e-07,5.9e-07,23,"733,197"
"Nov 11, 2016",0.000003,0.000004,0.000003,0.000003,24,"755,413"
"Nov 10, 2016",6e-07,0.000004,5.7e-07,0.000003,21,"130,178"
"Nov 09, 2016",6.2e-07,8.4e-07,5.6e-07,5.9e-07,33,"134,281"
"Nov 08, 2016",6.6e-07,8.2e-07,6.1e-07,6.2e-07,20,"144,633"
"Nov 07, 2016",0.000003,0.000003,6.6e-07,6.6e-07,48,"580,682"
"Nov 06, 2016",9.3e-07,0.000004,7.6e-07,0.000002,107,"203,051"
"Nov 05, 2016",0.000002,0.000002,0.000001,0.000001,17,"508,978"
"Nov 04, 2016",7.1e-07,0.000005,7e-07,0.000002,14,"154,370"
"Nov 03, 2016",0.000001,0.000001,6.9e-07,7.1e-07,157,"293,856"
"Nov 02, 2016",0.000002,0.000002,5.5e-07,0.000001,34,"352,298"
"Nov 01, 2016",6e-07,0.000002,6e-07,0.000002,18,"130,582"
"Oct 31, 2016",6e-07,6.3e-07,5.8e-07,6e-07,17,"129,468"
"Oct 30, 2016",5.9e-07,6.4e-07,5.8e-07,5.9e-07,34,"128,641"
"Oct 29, 2016",0.000001,0.000001,5.9e-07,5.9e-07,25,"256,746"
"Oct 28, 2016",0.000002,0.000002,0.000001,0.000001,33,"347,259"
"Oct 27, 2016",0.000001,0.000002,0.000001,0.000002,20,"284,092"
"Oct 26, 2016",5.3e-07,0.000002,4.5e-07,0.000001,27,"116,011"
"Oct 25, 2016",5.3e-07,6e-07,5.1e-07,5.3e-07,14,"114,442"
"Oct 24, 2016",6.6e-07,8.4e-07,5.2e-07,5.3e-07,11,"143,626"
"Oct 23, 2016",6.8e-07,7.7e-07,5.7e-07,6.6e-07,28,"147,960"
"Oct 22, 2016",5.9e-07,6.9e-07,5.7e-07,6.8e-07,20,"128,290"
"Oct 21, 2016",5.7e-07,6.5e-07,5.6e-07,5.9e-07,22,"124,447"
"Oct 20, 2016",5.8e-07,6.3e-07,5.4e-07,5.7e-07,13,"126,062"
"Oct 19, 2016",5.9e-07,6.4e-07,5.5e-07,6.3e-07,21,"127,922"
"Oct 18, 2016",7.4e-07,7.6e-07,5.6e-07,5.9e-07,23,"160,506"
"Oct 17, 2016",6e-07,8.1e-07,6e-07,7.4e-07,21,"130,186"
"Oct 16, 2016",5.1e-07,6e-07,4.4e-07,6e-07,26,"109,913"
"Oct 15, 2016",5.4e-07,6.9e-07,4.5e-07,5.1e-07,124,"117,334"
"Oct 14, 2016",5.4e-07,6.1e-07,5.1e-07,5.4e-07,32,"117,703"
"Oct 13, 2016",5.5e-07,6.4e-07,4.9e-07,5.4e-07,106,"120,245"
"Oct 12, 2016",5.4e-07,6.3e-07,5.2e-07,5.6e-07,10,"117,177"
"Oct 11, 2016",6.2e-07,6.3e-07,4.8e-07,5.4e-07,19,"135,673"
"Oct 10, 2016",5e-07,6.7e-07,5e-07,6.2e-07,32,"108,975"
"Oct 09, 2016",5.6e-07,5.9e-07,4.4e-07,5e-07,19,"121,688"
"Oct 08, 2016",5.8e-07,7.6e-07,4.4e-07,5.6e-07,70,"126,241"
"Oct 07, 2016",6.9e-07,7.1e-07,5.3e-07,5.8e-07,188,"148,818"
"Oct 06, 2016",7e-07,7.6e-07,5.3e-07,6.9e-07,132,"152,359"
"Oct 05, 2016",7.1e-07,7.9e-07,6.7e-07,7e-07,43,"154,908"
"Oct 04, 2016",7.1e-07,7.9e-07,7.1e-07,7.1e-07,35,"154,319"
"Oct 03, 2016",7e-07,7.8e-07,6.9e-07,7.2e-07,117,"150,912"
"Oct 02, 2016",6.9e-07,7.6e-07,6.8e-07,7e-07,18,"150,667"
"Oct 01, 2016",6.8e-07,7.7e-07,6.5e-07,6.9e-07,20,"148,402"
"Sep 30, 2016",7.1e-07,7.4e-07,6.4e-07,6.8e-07,125,"154,957"
"Sep 29, 2016",9.3e-07,0.000001,7e-07,7.1e-07,21,"201,162"
"Sep 28, 2016",7.3e-07,0.000002,7e-07,9.3e-07,51,"157,648"
"Sep 27, 2016",7.2e-07,7.3e-07,4.3e-07,7.3e-07,358,"156,841"
"Sep 26, 2016",6.9e-07,7.5e-07,6.9e-07,7.2e-07,39,"149,644"
"Sep 25, 2016",0.000002,0.000002,6.6e-07,6.9e-07,116,"440,754"
"Sep 24, 2016",8.4e-07,0.000002,7.1e-07,0.000002,50,"182,574"
"Sep 23, 2016",7.5e-07,8.8e-07,6.9e-07,8.4e-07,63,"162,418"
"Sep 22, 2016",7.5e-07,9e-07,7.5e-07,7.6e-07,33,"163,377"
"Sep 21, 2016",9.7e-07,9.7e-07,7.3e-07,7.5e-07,26,"209,107"
"Sep 20, 2016",0.000001,0.000001,8.8e-07,9.7e-07,47,"216,576"
"Sep 19, 2016",0.000002,0.000002,1e-06,0.000001,51,"330,522"
"Sep 18, 2016",9e-07,0.000003,9e-07,0.000002,127,"194,859"
"Sep 17, 2016",9.2e-07,0.000001,8.7e-07,9e-07,39,"198,935"
"Sep 16, 2016",9.2e-07,9.6e-07,8e-07,9.2e-07,54,"198,706"
"Sep 15, 2016",0.000002,0.000002,9.2e-07,9.2e-07,63,"362,491"
"Sep 14, 2016",0.000003,0.000003,0.000001,0.000002,114,"691,710"
"Sep 13, 2016",8.8e-07,0.000005,8.7e-07,0.000003,442,"190,856"
"Sep 12, 2016",1e-06,0.000001,8.5e-07,8.8e-07,34,"216,262"
"Sep 11, 2016",0.000001,0.000001,8.5e-07,0.000001,425,"308,073"
"Sep 10, 2016",9.9e-07,0.000001,9.5e-07,0.000001,110,"214,024"
"Sep 09, 2016",0.000001,0.000001,9.6e-07,9.9e-07,88,"217,948"
"Sep 08, 2016",0.000001,0.000001,9.9e-07,0.000001,35,"224,343"
"Sep 07, 2016",0.000001,0.000001,9.8e-07,0.000001,30,"237,854"
"Sep 06, 2016",0.000001,0.000001,9.5e-07,0.000001,31,"237,980"
"Sep 05, 2016",0.000002,0.000002,0.000001,0.000001,34,"369,610"
"Sep 04, 2016",0.000001,0.000002,0.000001,0.000002,44,"279,175"
"Sep 03, 2016",0.000001,0.000001,0.000001,0.000001,41,"290,221"
"Sep 02, 2016",0.000001,0.000002,9.4e-07,0.000001,267,"277,329"
"Sep 01, 2016",0.000001,0.000001,8.8e-07,0.000001,43,"223,883"
"Aug 31, 2016",0.000002,0.000002,0.000001,0.000001,88,"354,546"
"Aug 30, 2016",0.000001,0.000003,0.000001,0.000002,20,"231,341"
"Aug 29, 2016",0.000002,0.000002,0.000001,0.000001,67,"387,077"
"Aug 28, 2016",0.000001,0.000002,0.000001,0.000002,145,"290,708"
"Aug 27, 2016",9.6e-07,0.000002,9.2e-07,0.000001,93,"208,026"
"Aug 26, 2016",8.4e-07,0.000001,8.3e-07,9.3e-07,170,"180,508"
"Aug 25, 2016",8.8e-07,9.2e-07,8.1e-07,8.4e-07,17,"190,525"
"Aug 24, 2016",9.3e-07,9.4e-07,8.3e-07,8.8e-07,54,"199,768"
"Aug 23, 2016",8.7e-07,9.5e-07,8.3e-07,9.3e-07,25,"187,893"
"Aug 22, 2016",9.6e-07,9.7e-07,8.5e-07,8.7e-07,23,"207,692"
"Aug 21, 2016",8.6e-07,0.000001,8.6e-07,1e-06,45,"186,629"
"Aug 20, 2016",8.6e-07,9.1e-07,8.6e-07,8.6e-07,20,"186,540"
"Aug 19, 2016",9e-07,0.000001,8.6e-07,8.7e-07,52,"194,570"
"Aug 18, 2016",8.3e-07,0.000001,8.3e-07,9e-07,69,"179,337"
"Aug 17, 2016",8.7e-07,0.000001,8.3e-07,8.3e-07,69,"188,041"
"Aug 16, 2016",8.2e-07,0.000001,8.2e-07,8.7e-07,67,"177,756"
"Aug 15, 2016",8.3e-07,9.9e-07,8e-07,8.2e-07,59,"179,181"
"Aug 14, 2016",8.4e-07,8.8e-07,7.9e-07,8.3e-07,21,"180,382"
"Aug 13, 2016",8.4e-07,0.000001,8.1e-07,8.4e-07,66,"180,355"
"Aug 12, 2016",8.1e-07,9.6e-07,8e-07,8.4e-07,41,"174,025"
"Aug 11, 2016",8.1e-07,9.1e-07,8.1e-07,8.2e-07,24,"174,961"
"Aug 10, 2016",8.1e-07,8.4e-07,8e-07,8.1e-07,19,"173,974"
"Aug 09, 2016",8.1e-07,8.7e-07,7.9e-07,8.1e-07,21,"173,585"
"Aug 08, 2016",9.5e-07,9.9e-07,7.9e-07,7.9e-07,21,"204,471"
"Aug 07, 2016",9.2e-07,0.000001,8.7e-07,9.5e-07,83,"199,153"
"Aug 06, 2016",8.8e-07,9.4e-07,8.7e-07,9.2e-07,29,"190,271"
"Aug 05, 2016",8.5e-07,9.2e-07,8.5e-07,8.9e-07,16,"184,112"
"Aug 04, 2016",8.5e-07,8.8e-07,8.4e-07,8.5e-07,38,"183,499"
"Aug 03, 2016",0.000001,0.000001,8.5e-07,8.5e-07,33,"255,072"
"Aug 02, 2016",0.000001,0.000002,0.000001,0.000001,46,"291,698"
"Aug 01, 2016",9.2e-07,0.000001,9e-07,0.000001,27,"197,320"
"Jul 31, 2016",9.6e-07,9.8e-07,9.2e-07,9.2e-07,26,"207,245"
"Jul 30, 2016",0.000004,0.000004,9.5e-07,9.6e-07,24,"823,840"
"Jul 29, 2016",0.000005,0.000005,0.000004,0.000004,80,"975,255"
"Jul 28, 2016",9.5e-07,0.000005,9.4e-07,0.000005,65,"204,218"
"Jul 27, 2016",9.7e-07,9.9e-07,9.3e-07,9.5e-07,26,"207,992"
"Jul 26, 2016",0.000002,0.000002,9.6e-07,9.7e-07,28,"419,263"
"Jul 25, 2016",0.000003,0.000004,0.000001,0.000002,38,"747,002"
"Jul 24, 2016",0.000001,0.000004,0.000001,0.000003,148,"245,708"
"Jul 23, 2016",0.000001,0.000001,0.000001,0.000001,88,"239,228"
"Jul 22, 2016",0.000002,0.000002,0.000001,0.000001,49,"335,414"
"Jul 21, 2016",0.000001,0.000002,0.000001,0.000002,42,"247,140"
"Jul 20, 2016",0.000001,0.000001,0.000001,0.000001,40,"243,977"
"Jul 19, 2016",0.000001,0.000001,0.000001,0.000001,44,"242,478"
"Jul 18, 2016",0.000001,0.000002,0.000001,0.000001,67,"244,425"
"Jul 17, 2016",0.000001,0.000002,0.000001,0.000001,61,"247,187"
"Jul 16, 2016",0.000001,0.000002,0.000001,0.000001,63,"254,014"
"Jul 15, 2016",0.000001,0.000001,0.000001,0.000001,33,"266,697"
"Jul 14, 2016",0.000001,0.000002,0.000001,0.000001,48,"271,380"
"Jul 13, 2016",0.000001,0.000002,0.000001,0.000001,106,"277,112"
"Jul 12, 2016",0.000003,0.000004,0.000001,0.000001,99,"549,133"
"Jul 11, 2016",0.000003,0.000005,0.000003,0.000003,65,"748,966"
"Jul 10, 2016",0.000003,0.000004,0.000002,0.000003,158,"711,979"
"Jul 09, 2016",0.000001,0.000004,0.000001,0.000003,102,"286,261"
"Jul 08, 2016",0.000002,0.000002,0.000001,0.000001,125,"376,606"
"Jul 07, 2016",0.000001,0.000003,0.000001,0.000002,107,"278,697"
"Jul 06, 2016",0.000003,0.000004,0.000001,0.000001,65,"707,473"
"Jul 05, 2016",0.000004,0.000005,0.000003,0.000003,195,"919,208"
"Jul 04, 2016",0.000002,0.000005,0.000002,0.000004,232,"423,555"
"Jul 03, 2016",9.4e-07,0.000004,8.5e-07,0.000002,266,"200,464"
"Jul 02, 2016",9.2e-07,9.6e-07,8.8e-07,9.3e-07,14,"198,239"
"Jul 01, 2016",9.1e-07,0.000001,8.9e-07,9.2e-07,25,"195,407"
"Jun 30, 2016",0.000001,0.000001,8.7e-07,9.1e-07,51,"298,820"
"Jun 29, 2016",8.5e-07,0.000001,7.6e-07,0.000001,47,"181,439"
"Jun 28, 2016",7.4e-07,9.7e-07,6.8e-07,8.4e-07,123,"158,048"
"Jun 27, 2016",8.8e-07,9e-07,6.1e-07,7.3e-07,74,"188,750"
"Jun 26, 2016",7.8e-07,0.000001,7.5e-07,9.9e-07,26,"167,624"
"Jun 25, 2016",8.7e-07,0.000001,7.5e-07,7.8e-07,70,"186,195"
"Jun 24, 2016",0.000001,0.000002,7.9e-07,8.7e-07,61,"316,900"
"Jun 23, 2016",9.4e-07,0.000001,8.5e-07,0.000001,132,"200,271"
"Jun 22, 2016",0.000001,0.000002,8.5e-07,9.2e-07,297,"226,154"
"Jun 21, 2016",8.7e-07,0.000002,8.1e-07,0.000001,83,"186,200"
"Jun 20, 2016",0.000001,0.000002,8.7e-07,8.7e-07,71,"315,956"
"Jun 19, 2016",0.000001,0.000001,0.000001,0.000001,33,"277,668"
"Jun 18, 2016",0.000001,0.000002,9.9e-07,0.000001,59,"294,115"
"Jun 17, 2016",0.000002,0.000002,9.5e-07,0.000001,333,"352,269"
"Jun 16, 2016",0.000001,0.000002,0.000001,0.000002,61,"237,230"
"Jun 15, 2016",0.000002,0.000002,9.7e-07,0.000001,68,"359,787"
"Jun 14, 2016",9.3e-07,0.000002,9e-07,0.000002,43,"198,443"
"Jun 13, 2016",8.6e-07,0.000001,8.6e-07,9.2e-07,43,"183,880"
"Jun 12, 2016",0.000001,0.000001,8.6e-07,8.6e-07,153,"216,819"
"Jun 11, 2016",9.6e-07,0.000001,9.4e-07,0.000001,41,"205,349"
"Jun 10, 2016",0.000001,0.000001,9.5e-07,9.6e-07,79,"243,290"
"Jun 09, 2016",0.000001,0.000001,0.000001,0.000001,74,"218,701"
"Jun 08, 2016",0.000002,0.000002,9.7e-07,0.000001,30,"363,497"
"Jun 07, 2016",9.5e-07,0.000002,9e-07,0.000002,90,"203,631"
"Jun 06, 2016",0.000001,0.000001,7.9e-07,9.8e-07,559,"269,234"
"Jun 05, 2016",0.000001,0.000002,0.000001,0.000001,45,"270,596"
"Jun 04, 2016",0.000001,0.000001,0.000001,0.000001,51,"269,968"
"Jun 03, 2016",0.000001,0.000001,0.000001,0.000001,82,"279,036"
"Jun 02, 2016",0.000001,0.000001,0.000001,0.000001,81,"263,854"
"Jun 01, 2016",0.000001,0.000001,0.000001,0.000001,79,"259,442"
"May 31, 2016",0.000001,0.000001,0.000001,0.000001,78,"305,241"
"May 30, 2016",0.000001,0.000002,0.000001,0.000001,73,"258,315"
"May 29, 2016",0.000001,0.000002,0.000001,0.000001,453,"257,103"
"May 28, 2016",0.000001,0.000002,0.000001,0.000001,66,"283,839"
"May 27, 2016",0.000002,0.000002,0.000001,0.000001,76,"326,382"
"May 26, 2016",0.000001,0.000002,0.000001,0.000002,106,"242,989"
"May 25, 2016",0.000001,0.000001,9.9e-07,0.000001,179,"239,984"
"May 24, 2016",0.000001,0.000001,0.000001,0.000001,35,"263,373"
"May 23, 2016",0.000001,0.000001,0.000001,0.000001,34,"249,556"
"May 22, 2016",0.000001,0.000002,0.000001,0.000001,30,"265,492"
"May 21, 2016",0.000001,0.000002,0.000001,0.000001,102,"275,578"
"May 20, 2016",0.000001,0.000002,0.000001,0.000001,67,"224,074"
"May 19, 2016",0.000001,0.000001,0.000001,0.000001,40,"239,953"
"May 18, 2016",0.000001,0.000002,9.7e-07,0.000001,58,"240,737"
"May 17, 2016",0.000003,0.000003,8.5e-07,0.000001,172,"596,958"
"May 16, 2016",0.000002,0.000003,0.000001,0.000003,60,"323,029"
"May 15, 2016",0.000001,0.000002,9.9e-07,0.000002,194,"311,201"
"May 14, 2016",0.000002,0.000002,0.000001,0.000001,59,"448,299"
"May 13, 2016",0.000002,0.000002,0.000001,0.000002,162,"319,754"
"May 12, 2016",0.000003,0.000003,0.000001,0.000002,106,"595,886"
"May 11, 2016",0.000001,0.000003,0.000001,0.000003,73,"239,510"
"May 10, 2016",0.000001,0.000003,0.000001,0.000001,41,"244,934"
"May 09, 2016",0.000001,0.000003,0.000001,0.000001,108,"293,058"
"May 08, 2016",0.000001,0.000002,0.000001,0.000001,80,"257,196"
"May 07, 2016",0.000001,0.000002,0.000001,0.000001,51,"277,534"
"May 06, 2016",0.000001,0.000002,0.000001,0.000001,153,"268,696"
"May 05, 2016",0.000002,0.000002,0.000001,0.000001,51,"356,716"
"May 04, 2016",0.000002,0.000003,0.000002,0.000002,67,"508,888"
"May 03, 2016",0.000001,0.000002,0.000001,0.000002,68,"315,096"
"May 02, 2016",0.000002,0.000002,9.1e-07,0.000001,102,"341,066"
"May 01, 2016",0.000002,0.000002,7.7e-07,0.000002,260,"342,046"
"Apr 30, 2016",0.000002,0.000003,0.000002,0.000002,145,"470,602"
"Apr 29, 2016",0.000002,0.000003,0.000002,0.000002,154,"487,554"
"Apr 28, 2016",0.000002,0.000003,0.000002,0.000002,222,"390,942"
"Apr 27, 2016",0.000002,0.000003,0.000002,0.000002,143,"435,273"
"Apr 26, 2016",0.000002,0.000003,0.000002,0.000002,96,"487,035"
"Apr 25, 2016",0.000002,0.000003,0.000002,0.000002,272,"430,037"
"Apr 24, 2016",0.000002,0.000003,0.000002,0.000002,135,"423,768"
"Apr 23, 2016",0.000002,0.000003,0.000002,0.000002,161,"462,119"
"Apr 22, 2016",0.000004,0.000004,0.000002,0.000002,26,"747,100"
"Apr 21, 2016",0.000003,0.000004,0.000002,0.000004,36,"707,110"
"Apr 20, 2016",0.000002,0.000003,0.000002,0.000003,67,"374,525"
"Apr 19, 2016",0.000003,0.000003,0.000001,0.000002,77,"600,111"
"Apr 18, 2016",0.000003,0.000003,0.000002,0.000003,93,"583,768"
"Apr 17, 2016",0.000003,0.000003,0.000002,0.000003,199,"600,698"
"Apr 16, 2016",0.000004,0.000004,0.000003,0.000003,95,"928,662"
"Apr 15, 2016",0.000003,0.000005,0.000003,0.000004,281,"680,792"
"Apr 14, 2016",0.000004,0.000005,0.000003,0.000003,251,"797,508"
"Apr 13, 2016",0.000004,0.000005,0.000003,0.000004,301,"918,666"
"Apr 12, 2016",0.000004,0.000005,0.000004,0.000004,264,"804,307"
"Apr 11, 2016",0.000004,0.000004,0.000003,0.000004,"1,054","757,908"
"Apr 10, 2016",0.000004,0.000004,0.000003,0.000004,483,"757,273"
"Apr 09, 2016",0.000004,0.000004,0.000003,0.000004,341,"863,096"
"Apr 08, 2016",0.000002,0.000004,0.000002,0.000004,"4,768","357,112"
"Apr 07, 2016",0.000003,0.000003,0.000002,0.000002,410,"591,099"
"Apr 06, 2016",9.7e-07,0.000004,9.7e-07,0.000003,877,"206,570"
"Apr 05, 2016",8.4e-07,0.000001,8.1e-07,9.7e-07,388,"178,734"
"Apr 04, 2016",7.2e-07,8.8e-07,7.2e-07,8.4e-07,158,"152,078"
"Apr 03, 2016",7.2e-07,8.8e-07,7.1e-07,7.2e-07,78,"151,946"
"Apr 02, 2016",6.8e-07,9.4e-07,6.8e-07,7.2e-07,114,"144,335"
"Apr 01, 2016",6.1e-07,7.8e-07,5.9e-07,6.8e-07,455,"130,199"
"Mar 31, 2016",6.7e-07,7.7e-07,6e-07,6.2e-07,146,"140,913"
"Mar 30, 2016",8.2e-07,8.3e-07,6.6e-07,6.6e-07,108,"173,795"
"Mar 29, 2016",8.5e-07,8.5e-07,7.4e-07,8.2e-07,37,"179,361"
"Mar 28, 2016",7.6e-07,0.000001,7.5e-07,8.5e-07,286,"160,951"
"Mar 27, 2016",8.7e-07,9e-07,7.6e-07,7.6e-07,83,"184,884"
"Mar 26, 2016",9.3e-07,9.3e-07,8e-07,8.7e-07,123,"197,031"
"Mar 25, 2016",7.4e-07,9.3e-07,6.8e-07,9.3e-07,147,"156,751"
"Mar 24, 2016",7.8e-07,8e-07,7.1e-07,7.4e-07,20,"164,356"
"Mar 23, 2016",7e-07,8.4e-07,6.5e-07,7.8e-07,131,"148,216"
"Mar 22, 2016",6.8e-07,7.8e-07,6.5e-07,7e-07,22,"144,589"
"Mar 21, 2016",7.4e-07,8e-07,6.6e-07,6.8e-07,55,"157,328"
"Mar 20, 2016",7.3e-07,7.8e-07,7.3e-07,7.4e-07,14,"154,518"
"Mar 19, 2016",7e-07,8.3e-07,7e-07,7.3e-07,50,"147,349"
"Mar 18, 2016",8.7e-07,8.9e-07,6.7e-07,7e-07,323,"184,427"
"Mar 17, 2016",8.3e-07,8.9e-07,7.1e-07,8.7e-07,401,"174,463"
"Mar 16, 2016",6.8e-07,8.6e-07,5.8e-07,8.2e-07,340,"144,748"
"Mar 15, 2016",7.1e-07,8.8e-07,5.8e-07,7.4e-07,667,"149,795"
"Mar 14, 2016",6e-07,7.3e-07,6e-07,7.1e-07,112,"126,786"
"Mar 13, 2016",6.2e-07,6.6e-07,5.9e-07,6e-07,43,"131,737"
"Mar 12, 2016",6e-07,6.6e-07,5.6e-07,6.2e-07,79,"127,475"
"Mar 11, 2016",5.8e-07,6.4e-07,5.8e-07,6e-07,31,"122,039"
"Mar 10, 2016",5.8e-07,6.2e-07,5.5e-07,5.8e-07,23,"122,175"
"Mar 09, 2016",6.2e-07,6.3e-07,4.6e-07,5.8e-07,261,"130,536"
"Mar 08, 2016",5.7e-07,6.2e-07,5.2e-07,6.2e-07,47,"119,617"
"Mar 07, 2016",5.5e-07,6.2e-07,4.8e-07,5.7e-07,42,"116,844"
"Mar 06, 2016",5.1e-07,7.6e-07,4.8e-07,5.5e-07,443,"107,810"
"Mar 05, 2016",5.5e-07,6e-07,4.5e-07,5.1e-07,141,"115,800"
"Mar 04, 2016",5.3e-07,6.2e-07,5e-07,5.5e-07,90,"112,113"
"Mar 03, 2016",4.4e-07,6e-07,4.2e-07,5.3e-07,146,"92,258"
"Mar 02, 2016",4.7e-07,5e-07,4.4e-07,4.4e-07,11,"100,165"
"Mar 01, 2016",4.8e-07,5.3e-07,4.3e-07,4.8e-07,22,"101,743"
"Feb 29, 2016",4.8e-07,5.2e-07,4.8e-07,4.8e-07,12,"101,059"
"Feb 28, 2016",5.1e-07,5.5e-07,4.7e-07,4.8e-07,13,"107,909"
"Feb 27, 2016",4.8e-07,5.5e-07,4.7e-07,5.1e-07,24,"100,719"
"Feb 26, 2016",5e-07,5.4e-07,4.7e-07,4.8e-07,15,"105,973"
"Feb 25, 2016",4.9e-07,5e-07,4.2e-07,5e-07,26,"103,335"
"Feb 24, 2016",3.8e-07,4.9e-07,3.8e-07,4.9e-07,38,"79,665"
"Feb 23, 2016",4e-07,4.6e-07,3.6e-07,3.8e-07,18,"84,933"
"Feb 22, 2016",4.4e-07,4.8e-07,3.6e-07,4e-07,4,"92,183"
"Feb 21, 2016",4.5e-07,5e-07,3.3e-07,4.4e-07,21,"94,645"
"Feb 20, 2016",4.3e-07,4.7e-07,3.8e-07,4.5e-07,427,"89,809"
"Feb 19, 2016",5.2e-07,5.2e-07,3.9e-07,4.3e-07,222,"109,136"
"Feb 18, 2016",4.2e-07,5.5e-07,3.9e-07,5.2e-07,414,"88,797"
"Feb 17, 2016",4.8e-07,5.2e-07,4.2e-07,4.2e-07,81,"101,686"
"Feb 16, 2016",4.1e-07,4.8e-07,3.7e-07,4.8e-07,15,"86,879"
"Feb 15, 2016",3.6e-07,4.7e-07,3.5e-07,4.1e-07,176,"74,799"
"Feb 14, 2016",3.9e-07,5.1e-07,3.5e-07,3.5e-07,505,"81,158"
"Feb 13, 2016",2.8e-07,4.7e-07,2.8e-07,3.8e-07,381,"58,928"
"Feb 12, 2016",2.5e-07,3.1e-07,2.3e-07,2.8e-07,56,"52,607"
"Feb 11, 2016",2.8e-07,2.8e-07,2.2e-07,2.5e-07,57,"58,993"
"Feb 10, 2016",3.1e-07,3.1e-07,2.8e-07,2.8e-07,11,"64,808"
"Feb 09, 2016",2.7e-07,3.7e-07,2.7e-07,3.1e-07,188,"57,348"
"Feb 08, 2016",2.5e-07,3.1e-07,2.5e-07,2.7e-07,24,"51,895"
"Feb 07, 2016",2.7e-07,2.9e-07,2.2e-07,2.5e-07,67,"57,541"
"Feb 06, 2016",2.8e-07,3.2e-07,2.7e-07,2.7e-07,16,"59,491"
"Feb 05, 2016",2.8e-07,3.1e-07,2.8e-07,2.8e-07,8,"59,116"
"Feb 04, 2016",2.4e-07,2.8e-07,2.4e-07,2.8e-07,10,"50,708"
"Feb 03, 2016",2.4e-07,2.7e-07,2.4e-07,2.4e-07,10,"51,339"
"Feb 02, 2016",2.8e-07,2.8e-07,2.4e-07,2.4e-07,15,"58,186"
"Feb 01, 2016",2.5e-07,3.1e-07,2.5e-07,2.8e-07,24,"52,724"
"Jan 31, 2016",2.6e-07,3.5e-07,2.1e-07,2.5e-07,95,"54,835"
"Jan 30, 2016",3.8e-07,3.9e-07,2.6e-07,2.6e-07,147,"79,039"
"Jan 29, 2016",3.7e-07,3.9e-07,3.1e-07,3.6e-07,79,"77,332"
"Jan 28, 2016",4e-07,4.1e-07,3.5e-07,3.7e-07,72,"84,601"
"Jan 27, 2016",2.9e-07,4.3e-07,2.9e-07,4e-07,365,"61,681"
"Jan 26, 2016",3.1e-07,3.4e-07,2.5e-07,2.9e-07,49,"65,296"
"Jan 25, 2016",2.9e-07,3.4e-07,2.8e-07,3.1e-07,21,"60,339"
"Jan 24, 2016",2.9e-07,3.1e-07,2.9e-07,2.9e-07,13,"60,904"
"Jan 23, 2016",2.8e-07,3.1e-07,2.8e-07,2.9e-07,25,"58,243"
"Jan 22, 2016",3.3e-07,3.3e-07,2.8e-07,2.8e-07,17,"69,259"
"Jan 21, 2016",3e-07,3.3e-07,2.8e-07,3.3e-07,19,"63,455"
"Jan 20, 2016",3.3e-07,3.6e-07,2.8e-07,3e-07,83,"69,410"
"Jan 19, 2016",3.5e-07,3.6e-07,3.2e-07,3.3e-07,17,"72,876"
"Jan 18, 2016",3.6e-07,3.9e-07,3.2e-07,3.5e-07,31,"76,187"
"Jan 17, 2016",3.1e-07,4e-07,3e-07,3.6e-07,60,"64,306"
"Jan 16, 2016",3.3e-07,3.4e-07,2.9e-07,3.1e-07,21,"68,711"
"Jan 15, 2016",3.4e-07,3.9e-07,3.1e-07,3.3e-07,19,"72,149"
"Jan 14, 2016",3.5e-07,3.8e-07,3.4e-07,3.4e-07,10,"72,826"
"Jan 13, 2016",2.8e-07,3.8e-07,2.8e-07,3.5e-07,39,"57,992"
"Jan 12, 2016",2.8e-07,3.2e-07,2.7e-07,2.8e-07,19,"59,586"
"Jan 11, 2016",2.8e-07,3.5e-07,2.8e-07,2.8e-07,36,"59,171"
"Jan 10, 2016",3.2e-07,3.2e-07,2.8e-07,2.8e-07,65,"67,154"
"Jan 09, 2016",3.1e-07,3.8e-07,3.1e-07,3.2e-07,38,"64,850"
"Jan 08, 2016",3.2e-07,3.6e-07,2.8e-07,3.1e-07,17,"66,555"
"Jan 07, 2016",3.1e-07,3.6e-07,2.8e-07,3.2e-07,49,"64,115"
"Jan 06, 2016",3.5e-07,3.5e-07,3e-07,3.3e-07,10,"72,622"
"Jan 05, 2016",4.3e-07,4.8e-07,3.1e-07,3.1e-07,89,"89,914"
"Jan 04, 2016",4.6e-07,4.6e-07,4e-07,4e-07,523,"96,698"
"Jan 03, 2016",3.8e-07,4.7e-07,3.8e-07,4.6e-07,"1,101","79,498"
"Jan 02, 2016",4e-07,4.3e-07,3.8e-07,3.8e-07,248,"83,208"
"Jan 01, 2016",4.4e-07,4.5e-07,3.7e-07,4e-07,258,"91,486"
"Dec 31, 2015",4.4e-07,4.7e-07,4.2e-07,4.4e-07,316,"92,944"
"Dec 30, 2015",4e-07,4.5e-07,3.9e-07,4.2e-07,532,"83,968"
"Dec 29, 2015",4.1e-07,4.4e-07,3.7e-07,4e-07,126,"85,222"
"Dec 28, 2015",4.2e-07,4.2e-07,3.7e-07,4.1e-07,501,"87,219"
"Dec 27, 2015",4.4e-07,4.5e-07,4.1e-07,4.1e-07,"1,109","92,130"
"Dec 26, 2015",4.3e-07,5.2e-07,4e-07,4.4e-07,"3,533","90,421"
"Dec 25, 2015",4.1e-07,5e-07,4.1e-07,4.3e-07,545,"85,559"
"Dec 24, 2015",4.3e-07,5.2e-07,4.1e-07,4.6e-07,"1,200","89,425"
"Dec 23, 2015",4.3e-07,5.6e-07,4.2e-07,4.3e-07,"2,213","90,739"
"Dec 22, 2015",3.4e-07,4.5e-07,3.3e-07,4.3e-07,"1,648","71,513"
"Dec 21, 2015",2.8e-07,4.5e-07,2.7e-07,3.4e-07,"3,980","58,411"
"Dec 20, 2015",2.6e-07,3.3e-07,2.6e-07,2.8e-07,354,"54,380"
"Dec 19, 2015",2.6e-07,2.9e-07,2.6e-07,2.6e-07,48,"54,917"
"Dec 18, 2015",2.6e-07,3e-07,2.2e-07,3e-07,681,"54,701"
"Dec 17, 2015",2.9e-07,3e-07,2.6e-07,2.6e-07,905,"60,117"
"Dec 16, 2015",3e-07,3.3e-07,2.9e-07,2.9e-07,215,"62,525"
"Dec 15, 2015",3.6e-07,3.8e-07,2.9e-07,3e-07,428,"75,087"
"Dec 14, 2015",3.3e-07,3.6e-07,2.9e-07,3.6e-07,272,"68,482"
"Dec 13, 2015",2.9e-07,3.6e-07,2.9e-07,3.3e-07,52,"60,967"
"Dec 12, 2015",3.4e-07,3.6e-07,2.8e-07,2.9e-07,8,"71,957"
"Dec 11, 2015",3.3e-07,3.8e-07,2.9e-07,3.4e-07,520,"68,631"
"Dec 10, 2015",3.3e-07,3.6e-07,3.2e-07,3.3e-07,510,"68,699"
"Dec 09, 2015",3.7e-07,4e-07,3.3e-07,3.3e-07,202,"76,278"
"Dec 08, 2015",3.6e-07,3.9e-07,3.2e-07,3.7e-07,360,"75,183"
"Dec 07, 2015",3.1e-07,4e-07,3.1e-07,3.6e-07,52,"64,779"
"Dec 06, 2015",3.2e-07,3.8e-07,3.1e-07,3.1e-07,279,"66,106"
"Dec 05, 2015",3e-07,3.5e-07,3e-07,3.2e-07,15,"63,235"
"Dec 04, 2015",3e-07,3.4e-07,3e-07,3.3e-07,179,"63,525"
"Dec 03, 2015",3e-07,3.4e-07,2.7e-07,3e-07,226,"63,402"
"Dec 02, 2015",3.1e-07,3.6e-07,3e-07,3e-07,89,"64,862"
"Dec 01, 2015",3.3e-07,3.4e-07,2.7e-07,3.1e-07,28,"67,829"
"Nov 30, 2015",3.2e-07,3.3e-07,2.9e-07,3.3e-07,82,"67,158"
"Nov 29, 2015",2.9e-07,3.2e-07,2.9e-07,3.2e-07,14,"60,513"
"Nov 28, 2015",3.2e-07,3.6e-07,2.4e-07,2.9e-07,10,"66,921"
"Nov 27, 2015",3.2e-07,3.6e-07,2.8e-07,3.2e-07,483,"67,417"
"Nov 26, 2015",3.3e-07,3.6e-07,3e-07,3.2e-07,197,"69,328"
"Nov 25, 2015",2.8e-07,3.3e-07,2.8e-07,3.3e-07,59,"58,286"
"Nov 24, 2015",3.2e-07,3.4e-07,2.8e-07,2.8e-07,27,"66,687"
"Nov 23, 2015",2.8e-07,3.3e-07,2.8e-07,3.2e-07,15,"58,740"
"Nov 22, 2015",2.8e-07,3e-07,2.8e-07,2.8e-07,3,"59,181"
"Nov 21, 2015",2.8e-07,3.2e-07,2.8e-07,2.8e-07,119,"58,370"
"Nov 20, 2015",3.1e-07,3.1e-07,2.8e-07,2.8e-07,266,"64,945"
"Nov 19, 2015",3.2e-07,3.2e-07,3.1e-07,3.1e-07,198,"66,249"
"Nov 18, 2015",3.2e-07,3.5e-07,2.9e-07,3.2e-07,392,"66,504"
"Nov 17, 2015",3.1e-07,3.2e-07,2.7e-07,3.2e-07,246,"64,303"
"Nov 16, 2015",3.1e-07,3.4e-07,2.7e-07,3.1e-07,92,"63,505"
"Nov 15, 2015",2.9e-07,3.2e-07,2.7e-07,3e-07,233,"59,780"
"Nov 14, 2015",2.9e-07,3.2e-07,2.8e-07,2.9e-07,125,"60,322"
"Nov 13, 2015",3e-07,3.5e-07,2.6e-07,2.9e-07,"1,645","62,187"
"Nov 12, 2015",3e-07,3.3e-07,2.7e-07,3e-07,32,"62,093"
"Nov 11, 2015",3.1e-07,3.2e-07,2.7e-07,3e-07,287,"64,721"
"Nov 10, 2015",3.4e-07,3.5e-07,3e-07,3.1e-07,132,"70,649"
"Nov 09, 2015",3.1e-07,3.8e-07,2.9e-07,3.4e-07,334,"63,966"
"Nov 08, 2015",3.6e-07,4e-07,3.1e-07,3.1e-07,114,"74,413"
"Nov 07, 2015",3.5e-07,3.7e-07,3.5e-07,3.6e-07,144,"73,583"
"Nov 06, 2015",3.6e-07,4e-07,3.1e-07,3.5e-07,193,"73,872"
"Nov 05, 2015",4.2e-07,4.3e-07,3.5e-07,3.6e-07,49,"87,094"
"Nov 04, 2015",4.2e-07,5.5e-07,4.1e-07,4.2e-07,533,"86,592"
"Nov 03, 2015",4.2e-07,4.7e-07,3.8e-07,4.2e-07,511,"86,640"
"Nov 02, 2015",4e-07,5e-07,3.9e-07,4.2e-07,518,"82,638"
"Nov 01, 2015",3.8e-07,4.3e-07,3.8e-07,4e-07,120,"78,971"
"Oct 31, 2015",4.5e-07,4.5e-07,3.8e-07,3.8e-07,606,"92,659"
"Oct 30, 2015",4.1e-07,5e-07,3.8e-07,4.5e-07,554,"86,022"
"Oct 29, 2015",3.7e-07,5.4e-07,3.4e-07,4.2e-07,"1,513","77,151"
"Oct 28, 2015",3.4e-07,4.3e-07,3.4e-07,3.7e-07,"1,229","70,645"
"Oct 27, 2015",3.4e-07,4e-07,3.1e-07,3.4e-07,782,"70,819"
"Oct 26, 2015",3.4e-07,3.7e-07,3.1e-07,3.4e-07,739,"69,897"
"Oct 25, 2015",3.1e-07,3.5e-07,3.1e-07,3.4e-07,91,"64,250"
"Oct 24, 2015",3.1e-07,3.7e-07,3.1e-07,3.1e-07,178,"64,484"
"Oct 23, 2015",3.4e-07,3.8e-07,3.1e-07,3.1e-07,31,"71,124"
"Oct 22, 2015",3.4e-07,3.8e-07,3.1e-07,3.4e-07,282,"70,395"
"Oct 21, 2015",3.1e-07,4.1e-07,3.1e-07,3.4e-07,336,"65,025"
"Oct 20, 2015",3.4e-07,3.7e-07,3.1e-07,3.1e-07,784,"69,445"
"Oct 19, 2015",3.3e-07,4e-07,3.3e-07,3.4e-07,364,"68,861"
"Oct 18, 2015",3.7e-07,4.3e-07,3.3e-07,3.3e-07,972,"76,610"
"Oct 17, 2015",3.7e-07,4.6e-07,3.7e-07,3.7e-07,236,"77,423"
"Oct 16, 2015",4.1e-07,4.8e-07,3.7e-07,3.7e-07,452,"83,879"
"Oct 15, 2015",4.4e-07,4.7e-07,3.7e-07,4e-07,895,"91,277"
"Oct 14, 2015",4.8e-07,5e-07,4.4e-07,4.4e-07,"1,431","98,713"
"Oct 13, 2015",5e-07,5.1e-07,4.7e-07,4.8e-07,751,"103,875"
"Oct 12, 2015",5.3e-07,5.4e-07,5e-07,5e-07,634,"110,623"
"Oct 11, 2015",5e-07,5.7e-07,4.9e-07,5.3e-07,639,"102,870"
"Oct 10, 2015",5.3e-07,5.3e-07,4.9e-07,5e-07,441,"109,457"
"Oct 09, 2015",4.9e-07,5.6e-07,4.9e-07,5.3e-07,367,"101,561"
"Oct 08, 2015",4.9e-07,5.8e-07,4.9e-07,4.9e-07,918,"101,284"
"Oct 07, 2015",5.4e-07,5.6e-07,4.9e-07,4.9e-07,934,"110,671"
"Oct 06, 2015",5.1e-07,5.8e-07,4.9e-07,5.4e-07,869,"106,165"
"Oct 05, 2015",5.4e-07,6e-07,5.1e-07,5.1e-07,"1,734","112,113"
"Oct 04, 2015",6e-07,6e-07,5.4e-07,5.4e-07,"3,194","123,034"
"Oct 03, 2015",6e-07,6.3e-07,5.8e-07,5.9e-07,35,"123,917"
"Oct 02, 2015",5.9e-07,6.3e-07,5.9e-07,6e-07,13,"122,727"
"Oct 01, 2015",6e-07,6.2e-07,5.6e-07,5.9e-07,97,"124,516"
"Sep 30, 2015",6.2e-07,6.3e-07,5.7e-07,6e-07,121,"128,656"
"Sep 29, 2015",6.1e-07,6.4e-07,5.7e-07,6.2e-07,554,"126,872"
"Sep 28, 2015",5.5e-07,6.3e-07,5.5e-07,6.1e-07,342,"113,055"
"Sep 27, 2015",5.4e-07,5.8e-07,5.3e-07,5.5e-07,536,"111,278"
"Sep 26, 2015",5.5e-07,5.7e-07,5.2e-07,5.4e-07,779,"113,374"
"Sep 25, 2015",5.6e-07,6.2e-07,5.5e-07,5.5e-07,"1,154","115,061"
"Sep 24, 2015",5.5e-07,6.1e-07,5.5e-07,5.6e-07,361,"112,921"
"Sep 23, 2015",5.7e-07,6e-07,5.4e-07,5.5e-07,326,"116,916"
"Sep 22, 2015",5e-07,6e-07,5e-07,5.7e-07,727,"103,947"
"Sep 21, 2015",5.1e-07,5.3e-07,5e-07,5e-07,211,"105,707"
"Sep 20, 2015",5.2e-07,5.4e-07,5.1e-07,5.1e-07,309,"106,691"
"Sep 19, 2015",5e-07,5.5e-07,4.9e-07,5.2e-07,899,"103,741"
"Sep 18, 2015",4.9e-07,5.3e-07,4.9e-07,5e-07,90,"102,070"
"Sep 17, 2015",4.8e-07,5.3e-07,4.8e-07,4.9e-07,353,"98,375"
"Sep 16, 2015",4.8e-07,5e-07,4.7e-07,4.8e-07,486,"98,954"
"Sep 15, 2015",4.8e-07,5.1e-07,4.8e-07,4.8e-07,65,"99,696"
"Sep 14, 2015",4.8e-07,5.1e-07,4.8e-07,4.8e-07,407,"98,676"
"Sep 13, 2015",4.8e-07,5e-07,4.7e-07,4.8e-07,594,"98,965"
"Sep 12, 2015",5e-07,5.3e-07,4.8e-07,4.8e-07,263,"103,724"
"Sep 11, 2015",5e-07,5.4e-07,4.9e-07,5e-07,432,"103,339"
"Sep 10, 2015",5e-07,5.3e-07,4.9e-07,5e-07,23,"102,400"
"Sep 09, 2015",5.5e-07,5.7e-07,4.9e-07,5e-07,89,"112,988"
"Sep 08, 2015",5.2e-07,5.9e-07,5.2e-07,5.5e-07,"1,199","106,691"
"Sep 07, 2015",4.6e-07,5.6e-07,4.5e-07,5.2e-07,841,"93,769"
"Sep 06, 2015",4.7e-07,5.2e-07,4.4e-07,4.6e-07,270,"97,660"
"Sep 05, 2015",4.3e-07,4.9e-07,4.3e-07,4.7e-07,26,"88,972"
"Sep 04, 2015",4.5e-07,4.9e-07,4.3e-07,4.3e-07,855,"92,403"
"Sep 03, 2015",4.7e-07,5e-07,4.4e-07,4.5e-07,26,"97,693"
"Sep 02, 2015",4.8e-07,5.1e-07,4.7e-07,4.7e-07,43,"98,657"
"Sep 01, 2015",4.6e-07,4.9e-07,4.5e-07,4.8e-07,638,"93,792"
"Aug 31, 2015",4.9e-07,5.1e-07,4.5e-07,4.6e-07,83,"99,845"
"Aug 30, 2015",4.9e-07,5.5e-07,4.7e-07,4.8e-07,558,"100,262"
"Aug 29, 2015",5e-07,5.5e-07,4.5e-07,4.9e-07,"1,195","101,920"
"Aug 28, 2015",4.5e-07,5.2e-07,4.3e-07,4.9e-07,"1,072","93,437"
"Aug 27, 2015",4.4e-07,5e-07,4.4e-07,4.6e-07,654,"90,675"
"Aug 26, 2015",4.1e-07,4.7e-07,4e-07,4.4e-07,261,"84,895"
"Aug 25, 2015",4.4e-07,4.6e-07,3.2e-07,4.1e-07,"1,557","90,993"
"Aug 24, 2015",4.5e-07,4.7e-07,4.1e-07,4.4e-07,131,"92,804"
"Aug 23, 2015",4.6e-07,5e-07,4.4e-07,4.5e-07,11,"93,914"
"Aug 22, 2015",3.6e-07,5.3e-07,3.5e-07,4.6e-07,"2,181","73,304"
"Aug 21, 2015",4e-07,4.4e-07,3.6e-07,3.6e-07,309,"81,386"
"Aug 20, 2015",4.2e-07,4.6e-07,3.9e-07,4e-07,352,"85,934"
"Aug 19, 2015",4.5e-07,4.9e-07,3.9e-07,4.2e-07,594,"92,906"
"Aug 18, 2015",5.2e-07,5.2e-07,4.5e-07,4.5e-07,113,"106,614"
"Aug 17, 2015",5.5e-07,5.7e-07,4.7e-07,5.2e-07,620,"113,910"
"Aug 16, 2015",5.2e-07,5.9e-07,5.2e-07,5.5e-07,175,"107,691"
"Aug 15, 2015",5.6e-07,6.1e-07,5.1e-07,5.2e-07,130,"115,651"
"Aug 14, 2015",6.6e-07,7.2e-07,5.2e-07,5.6e-07,"6,152","135,389"
"Aug 13, 2015",6.8e-07,7.1e-07,6.2e-07,6.6e-07,786,"139,852"
"Aug 12, 2015",7.5e-07,7.8e-07,6.4e-07,6.8e-07,704,"152,963"
"Aug 11, 2015",8.1e-07,8.1e-07,6.8e-07,7.1e-07,"1,067","166,364"
"Aug 10, 2015",6.7e-07,8.1e-07,6.6e-07,8.1e-07,68,"137,497"
"Aug 09, 2015",7.9e-07,8.4e-07,6.6e-07,6.7e-07,63,"161,097"
"Aug 08, 2015",7.6e-07,9e-07,6.7e-07,7.9e-07,208,"155,994"
"Aug 07, 2015",7e-07,8.5e-07,6.9e-07,7.6e-07,353,"143,504"
"Aug 06, 2015",7.4e-07,7.8e-07,6.9e-07,7e-07,426,"151,802"
"Aug 05, 2015",8.7e-07,8.9e-07,7.4e-07,7.4e-07,"4,295","179,337"
"Aug 04, 2015",7.5e-07,9.2e-07,7.5e-07,8.8e-07,"2,283","154,450"
"Aug 03, 2015",7.6e-07,8.2e-07,7e-07,7.5e-07,264,"155,231"
"Aug 02, 2015",7.4e-07,7.9e-07,7e-07,7.6e-07,42,"150,774"
"Aug 01, 2015",8.4e-07,8.4e-07,6.9e-07,7.5e-07,"1,100","171,323"
"Jul 31, 2015",7.3e-07,8.7e-07,7.2e-07,8.4e-07,"4,556","150,282"
"Jul 30, 2015",8.2e-07,8.3e-07,7.3e-07,7.3e-07,"1,764","167,852"
"Jul 29, 2015",8.7e-07,9e-07,7.7e-07,8.2e-07,206,"178,260"
"Jul 28, 2015",8e-07,9.1e-07,7.9e-07,8.7e-07,229,"162,821"
"Jul 27, 2015",8.1e-07,8.5e-07,7.8e-07,8e-07,282,"165,645"
"Jul 26, 2015",7.9e-07,8.4e-07,7.6e-07,8.1e-07,68,"161,351"
"Jul 25, 2015",7.8e-07,8.7e-07,7.7e-07,7.9e-07,"1,210","160,322"
"Jul 24, 2015",6.9e-07,8.5e-07,6.8e-07,7.8e-07,"1,004","140,541"
"Jul 23, 2015",7.3e-07,7.3e-07,6.8e-07,6.9e-07,94,"148,764"
"Jul 22, 2015",9e-07,9e-07,6.5e-07,7.3e-07,181,"183,496"
"Jul 21, 2015",7.1e-07,9e-07,6.9e-07,9e-07,417,"145,022"
"Jul 20, 2015",6.4e-07,7.6e-07,6.4e-07,7.1e-07,"1,839","131,287"
"Jul 19, 2015",8e-07,8.3e-07,6.3e-07,6.4e-07,687,"163,783"
"Jul 18, 2015",8.4e-07,9.1e-07,6.3e-07,8e-07,"8,121","171,171"
"Jul 17, 2015",7.8e-07,9.1e-07,7.1e-07,8.4e-07,313,"159,149"
"Jul 16, 2015",8.3e-07,8.4e-07,6.7e-07,7.7e-07,"1,373","169,509"
"Jul 15, 2015",7.9e-07,9.6e-07,7.8e-07,8.3e-07,"2,464","161,483"
"Jul 14, 2015",8e-07,8.8e-07,7.6e-07,7.9e-07,"1,278","163,191"
"Jul 13, 2015",9.1e-07,9.1e-07,7.2e-07,8e-07,744,"185,080"
"Jul 12, 2015",8.3e-07,0.000001,8.3e-07,9e-07,830,"170,361"
"Jul 11, 2015",8.1e-07,9.1e-07,7.4e-07,8.3e-07,"3,139","165,328"
"Jul 10, 2015",0.000001,0.000001,6.8e-07,8.2e-07,"7,514","216,101"
"Jul 09, 2015",0.000001,0.000001,9.6e-07,0.000001,"3,217","207,790"
"Jul 08, 2015",0.000001,0.000001,9.3e-07,0.000001,"4,239","214,252"
"Jul 07, 2015",0.000001,0.000001,9.3e-07,0.000001,895,"210,145"
"Jul 06, 2015",0.000001,0.000001,8.8e-07,9.7e-07,"4,591","211,914"
"Jul 05, 2015",9.5e-07,0.000001,9e-07,0.000001,"1,279","193,187"
"Jul 04, 2015",9.5e-07,9.8e-07,8.9e-07,9.4e-07,149,"193,253"
"Jul 03, 2015",9.7e-07,0.000001,9e-07,9.5e-07,679,"198,622"
"Jul 02, 2015",9.1e-07,0.000001,9e-07,9.7e-07,260,"184,776"
"Jul 01, 2015",0.000001,0.000001,8.7e-07,8.7e-07,"1,209","209,165"
"Jun 30, 2015",9.4e-07,0.000001,8.9e-07,0.000001,"2,384","190,888"
"Jun 29, 2015",8.6e-07,0.000001,8.2e-07,9.7e-07,"6,034","175,879"
"Jun 28, 2015",9.3e-07,9.6e-07,8e-07,8.6e-07,"2,165","189,610"
"Jun 27, 2015",8.6e-07,9.5e-07,8.6e-07,9.3e-07,259,"175,380"
"Jun 26, 2015",8.6e-07,9.2e-07,8.2e-07,8.6e-07,"1,278","174,423"
"Jun 25, 2015",8.9e-07,9.6e-07,8e-07,8.6e-07,"1,969","180,876"
"Jun 24, 2015",8.9e-07,9.8e-07,8e-07,8.9e-07,"3,023","181,969"
"Jun 23, 2015",8.5e-07,0.000001,8e-07,8.9e-07,"4,186","172,780"
"Jun 22, 2015",8.4e-07,9.1e-07,6.9e-07,8.5e-07,"3,929","171,662"
"Jun 21, 2015",8.9e-07,9.6e-07,7.7e-07,8.4e-07,305,"181,886"
"Jun 20, 2015",8.2e-07,9e-07,7.2e-07,8.9e-07,483,"166,036"
"Jun 19, 2015",9.3e-07,9.7e-07,7e-07,8.1e-07,"4,497","190,063"
"Jun 18, 2015",9e-07,1e-06,8.4e-07,9.3e-07,329,"182,446"
"Jun 17, 2015",0.000001,0.000001,6.7e-07,9e-07,"5,321","207,257"
"Jun 16, 2015",7.7e-07,0.000001,7.3e-07,0.000001,765,"156,453"
"Jun 15, 2015",8e-07,8.1e-07,7.2e-07,7.7e-07,"1,640","163,121"
"Jun 14, 2015",6.8e-07,8.2e-07,6.6e-07,8e-07,"1,837","137,494"
"Jun 13, 2015",6.9e-07,7e-07,5.9e-07,6.8e-07,"1,258","139,414"
"Jun 12, 2015",5.9e-07,7e-07,5.8e-07,6.8e-07,"1,567","120,269"
"Jun 11, 2015",6.2e-07,6.2e-07,5.4e-07,5.9e-07,"1,013","125,267"
"Jun 10, 2015",6.8e-07,6.8e-07,5.4e-07,6.2e-07,"2,664","139,030"
"Jun 09, 2015",6.6e-07,7e-07,6.6e-07,6.8e-07,246,"134,359"
"Jun 08, 2015",5.9e-07,7.4e-07,5.2e-07,6.6e-07,"7,100","120,016"
"Jun 07, 2015",7.9e-07,8e-07,5.9e-07,5.9e-07,613,"160,710"
"Jun 06, 2015",7.6e-07,8.1e-07,5.7e-07,7.9e-07,"1,313","153,988"
"Jun 05, 2015",7.2e-07,8.5e-07,7.2e-07,7.4e-07,"1,114","145,878"
"Jun 04, 2015",6.8e-07,8.2e-07,6.2e-07,7.2e-07,"3,541","137,227"
"Jun 03, 2015",6.2e-07,6.9e-07,6.2e-07,6.8e-07,256,"125,651"
"Jun 02, 2015",6.3e-07,6.5e-07,5.8e-07,6.2e-07,128,"127,662"
"Jun 01, 2015",6.2e-07,6.8e-07,5.6e-07,6.1e-07,221,"126,517"
"May 31, 2015",7.6e-07,8e-07,4.5e-07,6.2e-07,"2,282","154,604"
"May 30, 2015",7.3e-07,8.7e-07,5.8e-07,7.6e-07,"5,587","148,836"
"May 29, 2015",8.1e-07,8.3e-07,7e-07,7.3e-07,"1,151","164,352"
"May 28, 2015",8.7e-07,8.7e-07,7.9e-07,8.1e-07,800,"176,099"
"May 27, 2015",9.1e-07,9.4e-07,8.5e-07,8.7e-07,649,"184,369"
"May 26, 2015",9e-07,9.3e-07,8.6e-07,9.1e-07,"1,005","182,883"
"May 25, 2015",9e-07,9.8e-07,7.5e-07,9e-07,"6,916","182,261"
"May 24, 2015",9.3e-07,9.7e-07,7.8e-07,9e-07,"1,428","188,206"
"May 23, 2015",8.4e-07,0.000001,7.6e-07,9.3e-07,813,"170,864"
"May 22, 2015",8e-07,0.000001,7.1e-07,8.8e-07,"6,171","162,077"
"May 21, 2015",7.4e-07,8.2e-07,7.1e-07,8e-07,"1,830","151,109"
"May 20, 2015",6.4e-07,7.6e-07,6.1e-07,7.4e-07,"1,092","129,731"
"May 19, 2015",5.9e-07,6.5e-07,5.6e-07,6.4e-07,"1,840","119,670"
"May 18, 2015",6.1e-07,6.3e-07,5.1e-07,5.9e-07,724,"123,984"
"May 17, 2015",6.9e-07,7e-07,5.8e-07,5.8e-07,909,"140,795"
"May 16, 2015",7.4e-07,7.5e-07,6.6e-07,6.9e-07,"1,166","150,155"
"May 15, 2015",6.2e-07,7.5e-07,5.7e-07,7.4e-07,"3,181","125,911"
"May 14, 2015",6.5e-07,6.6e-07,5.5e-07,6.2e-07,"3,239","131,667"
"May 13, 2015",4e-07,6.5e-07,4e-07,6.5e-07,"6,672","81,900"
"May 12, 2015",3.9e-07,4.2e-07,3.6e-07,4e-07,324,"78,719"
"May 11, 2015",3.8e-07,4.3e-07,3.6e-07,3.9e-07,"1,046","76,634"
"May 10, 2015",4.1e-07,4.1e-07,3.4e-07,3.8e-07,334,"82,262"
"May 09, 2015",4.1e-07,4.2e-07,3.8e-07,4.1e-07,237,"83,946"
"May 08, 2015",3.8e-07,4.3e-07,3.8e-07,4.1e-07,677,"76,589"
"May 07, 2015",3.9e-07,4.1e-07,3.5e-07,3.8e-07,570,"78,790"
"May 06, 2015",4.1e-07,4.4e-07,3.8e-07,3.9e-07,798,"82,175"
"May 05, 2015",4e-07,4.2e-07,3.9e-07,4.1e-07,531,"80,209"
"May 04, 2015",3.6e-07,4.1e-07,3.6e-07,3.9e-07,670,"72,533"
"May 03, 2015",3.1e-07,3.9e-07,3e-07,3.6e-07,"1,395","63,197"
"May 02, 2015",3.4e-07,3.5e-07,2.8e-07,3.1e-07,351,"68,102"
"May 01, 2015",3.1e-07,3.5e-07,2.8e-07,3.4e-07,779,"63,291"
"Apr 30, 2015",3.1e-07,3.3e-07,2.3e-07,3.1e-07,"1,718","61,770"
"Apr 29, 2015",3.1e-07,3.2e-07,2.9e-07,3.2e-07,91,"63,534"
"Apr 28, 2015",3e-07,3.1e-07,3e-07,3.1e-07,16,"61,488"
"Apr 27, 2015",2.9e-07,3.2e-07,2.9e-07,3e-07,47,"59,314"
"Apr 26, 2015",3.1e-07,3.1e-07,2.8e-07,2.9e-07,53,"63,139"
"Apr 25, 2015",3.3e-07,3.4e-07,3.1e-07,3.1e-07,96,"67,022"
"Apr 24, 2015",3.4e-07,3.5e-07,3.3e-07,3.3e-07,40,"68,553"
"Apr 23, 2015",3e-07,3.5e-07,3e-07,3.4e-07,53,"61,532"
"Apr 22, 2015",3.2e-07,3.3e-07,2.8e-07,3e-07,189,"63,781"
"Apr 21, 2015",3.1e-07,3.2e-07,3e-07,3.1e-07,35,"62,692"
"Apr 20, 2015",3.2e-07,3.4e-07,3.1e-07,3.1e-07,160,"65,162"
"Apr 19, 2015",3.1e-07,3.5e-07,3e-07,3.2e-07,68,"62,842"
"Apr 18, 2015",2.9e-07,3.1e-07,2.9e-07,3.1e-07,24,"58,549"
"Apr 17, 2015",3.1e-07,3.3e-07,2.8e-07,2.9e-07,117,"63,285"
"Apr 16, 2015",3e-07,3.3e-07,2.9e-07,3.1e-07,231,"61,392"
"Apr 15, 2015",2.9e-07,3.2e-07,2.9e-07,3e-07,82,"58,409"
"Apr 14, 2015",2.9e-07,3.1e-07,2.8e-07,2.9e-07,93,"58,319"
"Apr 13, 2015",2.9e-07,3.3e-07,2.9e-07,2.9e-07,177,"59,195"
"Apr 12, 2015",2.9e-07,3.1e-07,2.9e-07,2.9e-07,63,"58,776"
"Apr 11, 2015",3.2e-07,3.2e-07,2.9e-07,2.9e-07,43,"64,338"
"Apr 10, 2015",3.2e-07,3.3e-07,3e-07,3.2e-07,88,"63,942"
"Apr 09, 2015",3.2e-07,3.4e-07,3.1e-07,3.2e-07,104,"65,535"
"Apr 08, 2015",3.3e-07,3.5e-07,3.2e-07,3.3e-07,26,"67,317"
"Apr 07, 2015",3.6e-07,3.6e-07,3.3e-07,3.3e-07,24,"72,122"
"Apr 06, 2015",3.4e-07,3.6e-07,3.4e-07,3.6e-07,8,"68,607"
"Apr 05, 2015",3.4e-07,3.7e-07,3.2e-07,3.4e-07,667,"67,813"
"Apr 04, 2015",3.4e-07,3.6e-07,3.2e-07,3.4e-07,146,"67,519"
"Apr 03, 2015",3.5e-07,3.9e-07,3.2e-07,3.4e-07,165,"70,375"
"Apr 02, 2015",3.2e-07,3.6e-07,3.2e-07,3.5e-07,24,"65,426"
"Apr 01, 2015",3.3e-07,3.5e-07,3.1e-07,3.2e-07,33,"66,482"
"Mar 31, 2015",3.2e-07,3.4e-07,3.1e-07,3.3e-07,134,"63,874"
"Mar 30, 2015",3.2e-07,3.4e-07,3.1e-07,3.2e-07,63,"63,456"
"Mar 29, 2015",3.4e-07,3.5e-07,3.1e-07,3.2e-07,15,"68,056"
"Mar 28, 2015",3.2e-07,3.6e-07,3.1e-07,3.4e-07,29,"64,289"
"Mar 27, 2015",3.4e-07,4.1e-07,3.1e-07,3.2e-07,16,"67,465"
"Mar 26, 2015",3.3e-07,3.6e-07,3.3e-07,3.4e-07,38,"67,046"
"Mar 25, 2015",3.3e-07,3.6e-07,3.2e-07,3.3e-07,85,"66,615"
"Mar 24, 2015",3.7e-07,3.9e-07,3.3e-07,3.3e-07,207,"75,131"
"Mar 23, 2015",3.8e-07,3.8e-07,3.5e-07,3.7e-07,32,"75,948"
"Mar 22, 2015",3.7e-07,3.8e-07,3.5e-07,3.8e-07,66,"74,018"
"Mar 21, 2015",3.6e-07,3.7e-07,3.4e-07,3.5e-07,176,"71,596"
"Mar 20, 2015",3.6e-07,3.9e-07,3.2e-07,3.6e-07,"1,003","72,905"
"Mar 19, 2015",3.4e-07,3.9e-07,3e-07,3.6e-07,985,"68,275"
"Mar 18, 2015",4.3e-07,4.3e-07,3.3e-07,3.4e-07,203,"86,100"
"Mar 17, 2015",4.1e-07,4.3e-07,3.5e-07,4.3e-07,862,"81,420"
"Mar 16, 2015",4.5e-07,5e-07,3.5e-07,4e-07,638,"90,115"
"Mar 15, 2015",4.5e-07,4.8e-07,4.2e-07,4.5e-07,89,"91,333"
"Mar 14, 2015",4.5e-07,4.9e-07,4.4e-07,4.5e-07,92,"89,898"
"Mar 13, 2015",4.5e-07,4.8e-07,4.3e-07,4.5e-07,12,"90,543"
"Mar 12, 2015",4.8e-07,4.8e-07,4.4e-07,4.5e-07,467,"96,304"
"Mar 11, 2015",4.8e-07,5e-07,4.7e-07,4.8e-07,140,"96,343"
"Mar 10, 2015",4.4e-07,5.1e-07,4.3e-07,4.8e-07,285,"89,213"
"Mar 09, 2015",4.4e-07,4.7e-07,4.4e-07,4.4e-07,181,"89,270"
"Mar 08, 2015",4.2e-07,4.8e-07,4.2e-07,4.4e-07,119,"84,559"
"Mar 07, 2015",4e-07,4.8e-07,4e-07,4.2e-07,885,"80,044"
"Mar 06, 2015",4e-07,4.6e-07,4e-07,4e-07,137,"80,471"
"Mar 05, 2015",4.2e-07,4.4e-07,3.9e-07,4e-07,33,"84,707"
"Mar 04, 2015",4e-07,4.5e-07,3.9e-07,4.2e-07,217,"80,285"
"Mar 03, 2015",4.1e-07,4.3e-07,3.8e-07,4e-07,125,"81,585"
"Mar 02, 2015",4.4e-07,4.7e-07,4e-07,4.1e-07,434,"87,266"
"Mar 01, 2015",4.2e-07,4.9e-07,3.6e-07,4.3e-07,"1,773","85,186"
"Feb 28, 2015",3.7e-07,4.3e-07,3.5e-07,4.2e-07,607,"74,226"
"Feb 27, 2015",3.8e-07,3.9e-07,3.3e-07,3.7e-07,620,"75,889"
"Feb 26, 2015",3.5e-07,3.8e-07,3.1e-07,3.8e-07,"1,263","69,287"
"Feb 25, 2015",3.7e-07,4e-07,3.4e-07,3.4e-07,589,"73,367"
"Feb 24, 2015",3.6e-07,4e-07,3.1e-07,3.6e-07,699,"72,740"
"Feb 23, 2015",4.5e-07,4.5e-07,3.3e-07,3.6e-07,"2,549","90,406"
"Feb 22, 2015",4.8e-07,5e-07,4.5e-07,4.5e-07,"1,294","96,371"
"Feb 21, 2015",4.6e-07,5e-07,4.4e-07,4.8e-07,"1,064","92,218"
"Feb 20, 2015",4.7e-07,5.1e-07,3.8e-07,4.6e-07,"2,197","94,954"
"Feb 19, 2015",4.9e-07,5.1e-07,4e-07,4.8e-07,"1,293","98,948"
"Feb 18, 2015",5.2e-07,5.4e-07,4.9e-07,4.9e-07,579,"104,397"
"Feb 17, 2015",5.2e-07,5.5e-07,5.1e-07,5.2e-07,784,"104,151"
"Feb 16, 2015",5.5e-07,5.6e-07,5.2e-07,5.2e-07,793,"110,761"
"Feb 15, 2015",6e-07,6.4e-07,5.5e-07,5.5e-07,749,"120,323"
"Feb 14, 2015",5.6e-07,6.1e-07,5.6e-07,6e-07,388,"112,991"
"Feb 13, 2015",5.4e-07,6.1e-07,5.4e-07,5.6e-07,471,"108,786"
"Feb 12, 2015",5.4e-07,5.6e-07,5e-07,5.4e-07,828,"107,133"
"Feb 11, 2015",5.5e-07,5.7e-07,5.3e-07,5.3e-07,160,"109,115"
"Feb 10, 2015",5.5e-07,5.9e-07,5.3e-07,5.5e-07,"1,453","110,716"
"Feb 09, 2015",5.5e-07,5.7e-07,5.2e-07,5.5e-07,395,"110,572"
"Feb 08, 2015",5.6e-07,6.1e-07,5.3e-07,5.5e-07,"1,432","111,085"
"Feb 07, 2015",5.6e-07,5.9e-07,5.2e-07,5.5e-07,"1,417","112,212"
"Feb 06, 2015",5.5e-07,6e-07,5.4e-07,5.6e-07,"1,085","110,752"
"Feb 05, 2015",5.6e-07,5.9e-07,5.2e-07,5.7e-07,268,"111,093"
"Feb 04, 2015",4.9e-07,5.9e-07,4.9e-07,5.7e-07,"1,064","98,162"
"Feb 03, 2015",5.4e-07,5.7e-07,4.8e-07,4.9e-07,"1,107","107,557"
"Feb 02, 2015",5.3e-07,5.4e-07,4.9e-07,5.4e-07,176,"104,810"
"Feb 01, 2015",5.5e-07,5.5e-07,4.7e-07,5.2e-07,405,"109,533"
"Jan 31, 2015",5.1e-07,5.8e-07,5.1e-07,5.5e-07,464,"102,073"
"Jan 30, 2015",5.5e-07,5.9e-07,4.9e-07,5.1e-07,446,"110,614"
"Jan 29, 2015",5.4e-07,5.6e-07,5e-07,5.6e-07,628,"106,698"
"Jan 28, 2015",6.1e-07,6.4e-07,5e-07,5.3e-07,216,"121,826"
"Jan 27, 2015",6e-07,6.5e-07,5.6e-07,6.1e-07,460,"119,077"
"Jan 26, 2015",6.7e-07,7.2e-07,5.7e-07,6e-07,306,"133,986"
"Jan 25, 2015",5.9e-07,7.3e-07,5.9e-07,6.7e-07,"2,516","117,131"
"Jan 24, 2015",4.4e-07,6.3e-07,4.3e-07,5.9e-07,"1,563","87,894"
"Jan 23, 2015",4e-07,4.5e-07,4e-07,4.4e-07,457,"80,325"
"Jan 22, 2015",3.9e-07,4.3e-07,3.9e-07,4.1e-07,70,"78,501"
"Jan 21, 2015",3.8e-07,4e-07,3.7e-07,3.9e-07,297,"76,052"
"Jan 20, 2015",3.3e-07,3.8e-07,3.2e-07,3.8e-07,"1,004","65,874"
"Jan 19, 2015",3.2e-07,3.4e-07,3.1e-07,3.3e-07,43,"63,497"
"Jan 18, 2015",3.3e-07,3.6e-07,3e-07,3.2e-07,299,"64,796"
"Jan 17, 2015",3.7e-07,3.7e-07,3e-07,3.3e-07,638,"73,319"
"Jan 16, 2015",3.4e-07,4e-07,3.3e-07,3.7e-07,329,"66,601"
"Jan 15, 2015",3.1e-07,3.8e-07,3.1e-07,3.4e-07,754,"62,129"
"Jan 14, 2015",4.1e-07,4.1e-07,3e-07,3.1e-07,250,"82,168"
"Jan 13, 2015",4.6e-07,4.8e-07,3.7e-07,4.1e-07,"1,159","90,542"
"Jan 12, 2015",4.2e-07,4.9e-07,4.2e-07,4.6e-07,500,"83,602"
"Jan 11, 2015",4e-07,4.8e-07,3.9e-07,4.2e-07,"1,897","78,354"
"Jan 10, 2015",4.9e-07,5.1e-07,3.6e-07,4e-07,504,"96,848"
"Jan 09, 2015",4.5e-07,5.1e-07,4.5e-07,4.9e-07,448,"88,647"
"Jan 08, 2015",4.5e-07,4.8e-07,4.1e-07,4.5e-07,857,"88,288"
"Jan 07, 2015",4.4e-07,4.9e-07,4.3e-07,4.5e-07,52,"87,699"
"Jan 06, 2015",4e-07,4.4e-07,3.9e-07,4.4e-07,438,"78,235"
"Jan 05, 2015",3.9e-07,4.2e-07,3.7e-07,4e-07,591,"77,491"
"Jan 04, 2015",4.4e-07,4.7e-07,3.5e-07,3.9e-07,"1,164","87,693"
"Jan 03, 2015",5.9e-07,5.9e-07,4.5e-07,4.5e-07,889,"115,627"
"Jan 02, 2015",5.9e-07,6.1e-07,5.7e-07,5.9e-07,338,"116,020"
"Jan 01, 2015",6e-07,6.6e-07,5.9e-07,5.9e-07,257,"118,139"
"Dec 31, 2014",5.9e-07,6.8e-07,5.7e-07,6e-07,"1,550","116,665"
"Dec 30, 2014",6.7e-07,6.8e-07,6.1e-07,6.5e-07,410,"132,694"
"Dec 29, 2014",6.4e-07,6.8e-07,5.9e-07,6.5e-07,"1,844","126,057"
"Dec 28, 2014",6e-07,6.7e-07,6e-07,6.4e-07,577,"117,565"
"Dec 27, 2014",6.3e-07,7.5e-07,6e-07,6.2e-07,"2,122","124,638"
"Dec 26, 2014",5.1e-07,6.4e-07,4.9e-07,6.3e-07,"1,374","100,713"
"Dec 25, 2014",4.4e-07,5.1e-07,4.2e-07,5.1e-07,561,"86,125"
"Dec 24, 2014",4.3e-07,4.9e-07,4.2e-07,4.4e-07,23,"83,605"
"Dec 23, 2014",4.8e-07,4.9e-07,4.2e-07,4.3e-07,185,"94,462"
"Dec 22, 2014",4.8e-07,5.1e-07,4.3e-07,4.8e-07,960,"94,557"
"Dec 21, 2014",5.5e-07,5.9e-07,4.5e-07,4.8e-07,"1,371","108,647"
"Dec 20, 2014",6.6e-07,6.7e-07,5.2e-07,5.6e-07,"1,228","129,866"
"Dec 19, 2014",6.4e-07,6.8e-07,6.1e-07,6.6e-07,559,"126,391"
"Dec 18, 2014",6.5e-07,7.4e-07,5.5e-07,6.5e-07,"1,516","126,415"
"Dec 17, 2014",4.8e-07,7.1e-07,4.7e-07,6.4e-07,"3,260","94,223"
"Dec 16, 2014",6.6e-07,6.6e-07,4e-07,4.8e-07,"15,744","128,393"
"Dec 15, 2014",0.000001,0.000001,6.2e-07,6.6e-07,"12,354","238,439"
"Dec 14, 2014",0.000001,0.000001,0.000001,0.000001,"2,105","244,675"
"Dec 13, 2014",0.000001,0.000002,0.000001,0.000001,"3,560","259,120"
"Dec 12, 2014",0.000001,0.000001,0.000001,0.000001,"1,475","285,597"
"Dec 11, 2014",0.000002,0.000002,0.000001,0.000001,"4,453","306,244"
"Dec 10, 2014",0.000002,0.000002,0.000001,0.000002,"1,656","315,358"
"Dec 09, 2014",0.000002,0.000002,0.000001,0.000002,"3,701","384,913"
"Dec 08, 2014",0.000002,0.000002,0.000002,0.000002,"4,057","441,360"
"Dec 07, 2014",0.000002,0.000002,0.000002,0.000002,"4,755","437,057"
"Dec 06, 2014",0.000002,0.000002,0.000002,0.000002,"4,847","408,723"
"Dec 05, 2014",0.000002,0.000002,0.000002,0.000002,"2,983","398,963"
"Dec 04, 2014",0.000002,0.000002,0.000002,0.000002,"1,852","379,660"
"Dec 03, 2014",0.000002,0.000002,0.000002,0.000002,"1,920","381,206"
"Dec 02, 2014",0.000002,0.000002,0.000002,0.000002,"1,468","361,295"
"Dec 01, 2014",0.000002,0.000002,0.000002,0.000002,"2,509","396,360"
"Nov 30, 2014",0.000002,0.000002,0.000002,0.000002,"2,707","354,986"
"Nov 29, 2014",0.000002,0.000002,0.000002,0.000002,"1,881","370,317"
"Nov 28, 2014",0.000002,0.000002,0.000002,0.000002,"2,960","330,859"
"Nov 27, 2014",0.000002,0.000002,0.000002,0.000002,"3,822","337,887"
"Nov 26, 2014",0.000002,0.000002,0.000001,0.000002,"3,244","296,797"
"Nov 25, 2014",0.000002,0.000002,0.000002,0.000002,"2,680","411,723"
"Nov 24, 2014",0.000002,0.000002,0.000001,0.000002,"15,383","347,636"
"Nov 23, 2014",0.000002,0.000002,0.000002,0.000002,"11,164","414,146"
"Nov 22, 2014",0.000002,0.000002,0.000002,0.000002,"15,670","377,456"
"Nov 21, 2014",0.000002,0.000002,0.000002,0.000002,"7,564","362,627"
"Nov 20, 2014",0.000002,0.000002,0.000002,0.000002,"10,258","344,388"
"Nov 19, 2014",0.000001,0.000002,0.000001,0.000002,"6,988","268,736"
"Nov 18, 2014",0.000001,0.000002,0.000001,0.000001,"8,402","252,874"
"Nov 17, 2014",0.000001,0.000001,0.000001,0.000001,"2,327","230,560"
"Nov 16, 2014",0.000001,0.000001,0.000001,0.000001,"2,397","198,961"
"Nov 15, 2014",0.000001,0.000001,9.2e-07,0.000001,"2,078","206,384"
"Nov 14, 2014",0.000001,0.000001,9.8e-07,0.000001,"1,779","210,797"
"Nov 13, 2014",8.7e-07,0.000001,8.4e-07,0.000001,"7,698","165,945"
"Nov 12, 2014",8.1e-07,9.2e-07,7e-07,8.5e-07,"1,360","154,538"
"Nov 11, 2014",7e-07,8.8e-07,7e-07,8.1e-07,878,"133,625"
"Nov 10, 2014",6.9e-07,7.3e-07,5.9e-07,7e-07,758,"131,947"
"Nov 09, 2014",8.2e-07,8.9e-07,6.9e-07,6.9e-07,"1,319","155,889"
"Nov 08, 2014",8.9e-07,9.6e-07,7.8e-07,8.2e-07,"3,549","169,288"
"Nov 07, 2014",8e-07,8.9e-07,7.9e-07,8.9e-07,944,"152,649"
"Nov 06, 2014",7.6e-07,8e-07,7.2e-07,8e-07,705,"145,109"
"Nov 05, 2014",7.1e-07,7.7e-07,7.1e-07,7.6e-07,191,"135,723"
"Nov 04, 2014",7.1e-07,7.8e-07,7.1e-07,7.1e-07,251,"135,002"
"Nov 03, 2014",7.5e-07,8.5e-07,6.7e-07,7.5e-07,397,"142,198"
"Nov 02, 2014",7.5e-07,7.9e-07,6.8e-07,7.5e-07,283,"141,644"
"Nov 01, 2014",7.2e-07,7.5e-07,6.5e-07,7.5e-07,445,"135,585"
"Oct 31, 2014",6.8e-07,8.1e-07,6.7e-07,7.2e-07,547,"129,103"
"Oct 30, 2014",8.5e-07,8.6e-07,6.4e-07,6.8e-07,"2,394","161,528"
"Oct 29, 2014",8.4e-07,8.8e-07,7.8e-07,8.5e-07,723,"159,063"
"Oct 28, 2014",9.5e-07,0.000001,7.6e-07,8.4e-07,"2,062","180,003"
"Oct 27, 2014",6.7e-07,0.000001,6.7e-07,9.9e-07,"3,818","126,263"
"Oct 26, 2014",6.2e-07,7.4e-07,5.5e-07,6.7e-07,"4,286","117,392"
"Oct 25, 2014",6e-07,6.6e-07,5.5e-07,6.2e-07,812,"112,697"
"Oct 24, 2014",5.6e-07,6e-07,5.2e-07,6e-07,739,"105,296"
"Oct 23, 2014",5e-07,5.6e-07,4.8e-07,5.6e-07,322,"93,867"
"Oct 22, 2014",5.1e-07,5.5e-07,5e-07,5e-07,"1,385","95,963"
"Oct 21, 2014",5.5e-07,6.3e-07,5.1e-07,5.1e-07,"1,206","102,629"
"Oct 20, 2014",4.8e-07,5.9e-07,3.9e-07,5.5e-07,"1,803","89,490"
"Oct 19, 2014",4.9e-07,5.2e-07,4.8e-07,4.8e-07,"3,693","90,968"
"Oct 18, 2014",4.4e-07,4.9e-07,4e-07,4.9e-07,648,"81,835"
"Oct 17, 2014",4.4e-07,5.2e-07,4.4e-07,4.4e-07,539,"82,019"
"Oct 16, 2014",4.5e-07,4.9e-07,4.4e-07,4.4e-07,"1,675","83,366"
"Oct 15, 2014",5.7e-07,6.5e-07,4.5e-07,4.5e-07,"2,632","105,399"
"Oct 14, 2014",5.4e-07,6.6e-07,5.4e-07,5.7e-07,827,"100,702"
"Oct 13, 2014",6.2e-07,7e-07,5.3e-07,5.4e-07,"1,873","114,627"
"Oct 12, 2014",4.9e-07,7.6e-07,4.8e-07,6.2e-07,"2,666","90,581"
"Oct 11, 2014",4.1e-07,4.9e-07,4e-07,4.9e-07,785,"76,368"
"Oct 10, 2014",4.2e-07,4.5e-07,3.7e-07,4.1e-07,483,"78,289"
"Oct 09, 2014",3.9e-07,4.3e-07,3.5e-07,4.2e-07,432,"72,065"
"Oct 08, 2014",3.8e-07,4.3e-07,3.5e-07,3.9e-07,396,"70,683"
"Oct 07, 2014",4.2e-07,4.3e-07,3.7e-07,3.8e-07,110,"77,273"
"Oct 06, 2014",3.7e-07,4.2e-07,3.3e-07,4.2e-07,378,"68,186"
"Oct 05, 2014",4e-07,4.4e-07,3.5e-07,3.7e-07,496,"72,755"
"Oct 04, 2014",4.2e-07,4.4e-07,3.6e-07,4e-07,239,"76,610"
"Oct 03, 2014",4.8e-07,4.8e-07,3.8e-07,4.2e-07,881,"87,061"
"Oct 02, 2014",4e-07,5.6e-07,4e-07,4.8e-07,877,"72,983"
"Oct 01, 2014",4.9e-07,5.4e-07,3.5e-07,4.4e-07,"3,382","90,138"
"Sep 30, 2014",6e-07,6e-07,4.3e-07,4.9e-07,559,"108,591"
"Sep 29, 2014",3.8e-07,6e-07,3.8e-07,5.9e-07,"2,907","69,450"
"Sep 28, 2014",4e-07,4e-07,3.4e-07,3.8e-07,530,"72,419"
"Sep 27, 2014",3.6e-07,4e-07,3.1e-07,4e-07,213,"64,520"
"Sep 26, 2014",3.6e-07,3.6e-07,3.1e-07,3.6e-07,336,"65,513"
"Sep 25, 2014",3.7e-07,3.7e-07,3.1e-07,3.6e-07,353,"67,490"
"Sep 24, 2014",2.9e-07,3.7e-07,2.8e-07,3.7e-07,858,"51,710"
"Sep 23, 2014",3.8e-07,3.9e-07,2.8e-07,2.9e-07,759,"69,055"
"Sep 22, 2014",2.6e-07,3.8e-07,2.5e-07,3.8e-07,640,"46,080"
"Sep 21, 2014",2.7e-07,3e-07,2.5e-07,2.6e-07,373,"47,778"
"Sep 20, 2014",3.3e-07,7.1e-07,2.2e-07,2.7e-07,722,"59,861"
"Sep 19, 2014",5.5e-07,5.5e-07,3e-07,3.3e-07,59,"99,367"
"Sep 18, 2014",2.5e-07,7.6e-07,2.5e-07,5.5e-07,87,"45,415"
"Sep 17, 2014",2.5e-07,3.1e-07,2e-07,2.5e-07,507,"45,443"
"Sep 16, 2014",2.6e-07,3.1e-07,2.5e-07,2.5e-07,132,"46,115"
"Sep 15, 2014",2.7e-07,5.9e-07,2.6e-07,2.6e-07,294,"48,121"
"Sep 14, 2014",2.7e-07,3.3e-07,2.7e-07,2.7e-07,"1,045","48,535"
"Sep 13, 2014",3.2e-07,3.3e-07,2.7e-07,2.7e-07,79,"57,475"
"Sep 12, 2014",3.3e-07,3.8e-07,3.2e-07,3.2e-07,98,"58,070"
"Sep 11, 2014",2.7e-07,3.8e-07,2.7e-07,3.3e-07,218,"47,231"
"Sep 10, 2014",3e-07,3.6e-07,2.6e-07,2.7e-07,260,"53,728"
"Sep 09, 2014",3.1e-07,3.5e-07,3e-07,3e-07,187,"53,891"
"Sep 08, 2014",3.1e-07,4e-07,3e-07,3.1e-07,261,"54,479"
"Sep 07, 2014",2.5e-07,3.6e-07,2.5e-07,3.1e-07,983,"43,836"
"Sep 06, 2014",2.5e-07,3e-07,2.5e-07,2.5e-07,135,"43,676"
"Sep 05, 2014",2.6e-07,3.1e-07,2.5e-07,2.5e-07,322,"45,341"
"Sep 04, 2014",2.4e-07,3.2e-07,2.4e-07,2.6e-07,96,"42,613"
"Sep 03, 2014",2.4e-07,2.9e-07,1.9e-07,2.4e-07,348,"42,093"
"Sep 02, 2014",1.9e-07,2.9e-07,1.9e-07,2.4e-07,"1,430","32,836"
"Sep 01, 2014",1.9e-07,2.5e-07,1.9e-07,1.9e-07,70,"33,549"
"Aug 31, 2014",2.1e-07,2.5e-07,1.9e-07,1.9e-07,14,"36,188"
"Aug 30, 2014",2.1e-07,2.6e-07,2.1e-07,2.1e-07,161,"37,141"
"Aug 29, 2014",2.1e-07,2.7e-07,2.1e-07,2.1e-07,177,"36,616"
"Aug 28, 2014",2.2e-07,2.6e-07,2e-07,2.1e-07,83,"37,524"
"Aug 27, 2014",2.2e-07,2.8e-07,2.1e-07,2.2e-07,104,"38,225"
"Aug 26, 2014",2e-07,2.8e-07,2e-07,2.2e-07,224,"35,180"
"Aug 25, 2014",2.1e-07,2.7e-07,2e-07,2e-07,29,"36,939"
"Aug 24, 2014",2e-07,2.7e-07,1.9e-07,2.2e-07,89,"33,587"
"Aug 23, 2014",2.1e-07,2.6e-07,1.9e-07,2e-07,433,"28,804"
"Aug 22, 2014",2.3e-07,2.6e-07,1.6e-07,2.1e-07,722,"31,897"
"Aug 21, 2014",2.7e-07,3.1e-07,2.3e-07,2.3e-07,"1,289","37,590"
"Aug 20, 2014",1.9e-07,2.7e-07,1.8e-07,2.2e-07,708,"25,879"
"Aug 19, 2014",1.5e-07,2.4e-07,1.5e-07,1.9e-07,725,"20,394"
"Aug 18, 2014",1.7e-07,2e-07,1.4e-07,1.5e-07,726,"24,049"
"Aug 17, 2014",2e-07,2.5e-07,1.7e-07,1.7e-07,452,"27,561"
"Aug 16, 2014",2e-07,2.5e-07,1.5e-07,2e-07,460,"27,942"
"Aug 15, 2014",2.5e-07,2.5e-07,2e-07,2e-07,446,"34,864"
"Aug 14, 2014",1.5e-07,2.1e-07,1.5e-07,2e-07,802,"20,931"
"Aug 13, 2014",2.3e-07,2.3e-07,1.5e-07,2e-07,433,"31,085"
"Aug 12, 2014",2.4e-07,2.9e-07,2.2e-07,2.3e-07,923,"33,321"
"Aug 11, 2014",3.5e-07,4.8e-07,2.4e-07,2.4e-07,"1,059","47,871"
"Aug 10, 2014",3.5e-07,4.2e-07,3.5e-07,4.2e-07,923,"47,823"
"Aug 09, 2014",2.8e-07,4.2e-07,2.8e-07,3.5e-07,"1,375","38,676"
"Aug 08, 2014",2.9e-07,3.6e-07,2.8e-07,2.8e-07,121,"40,456"
"Aug 07, 2014",2.9e-07,3.6e-07,2.8e-07,2.9e-07,201,"39,906"
"Aug 06, 2014",2.9e-07,3.7e-07,2.2e-07,2.9e-07,535,"40,192"
"Aug 05, 2014",2.2e-07,3.6e-07,2.2e-07,2.9e-07,811,"30,687"
"Aug 04, 2014",2.3e-07,3.3e-07,2.2e-07,2.2e-07,872,"31,628"
"Aug 03, 2014",2.4e-07,3.1e-07,2.3e-07,2.3e-07,95,"32,774"
"Aug 02, 2014",2.4e-07,3.1e-07,2.3e-07,2.4e-07,121,"32,438"
"Aug 01, 2014",2.3e-07,3.1e-07,2.3e-07,2.4e-07,222,"31,561"
"Jul 31, 2014",2.2e-07,3e-07,2.2e-07,2.3e-07,212,"30,819"
"Jul 30, 2014",3.1e-07,3.1e-07,2.2e-07,2.2e-07,116,"42,091"
"Jul 29, 2014",2.4e-07,3.1e-07,2.3e-07,3.1e-07,129,"33,056"
"Jul 28, 2014",2.4e-07,3.1e-07,2.3e-07,2.4e-07,100,"32,661"
"Jul 27, 2014",2.3e-07,3.1e-07,2.3e-07,2.4e-07,119,"32,022"
"Jul 26, 2014",2.3e-07,3.1e-07,2.3e-07,2.3e-07,153,"31,250"
"Jul 25, 2014",2.4e-07,3.2e-07,2.3e-07,2.3e-07,843,"32,541"
"Jul 24, 2014",2.6e-07,3.3e-07,2.4e-07,2.4e-07,161,"35,417"
"Jul 23, 2014",3.4e-07,3.4e-07,2.6e-07,2.6e-07,131,"46,602"
"Jul 22, 2014",2.6e-07,3.5e-07,1.9e-07,3.4e-07,194,"35,804"
"Jul 21, 2014",2.6e-07,3.4e-07,1.8e-07,2.6e-07,138,"34,907"
"Jul 20, 2014",2.6e-07,3.5e-07,1.7e-07,2.6e-07,184,"35,458"
"Jul 19, 2014",2.7e-07,3.5e-07,2.6e-07,2.6e-07,526,"36,526"
"Jul 18, 2014",2.7e-07,3.5e-07,2.7e-07,2.7e-07,83,"35,696"
"Jul 17, 2014",2.5e-07,3.4e-07,2.5e-07,2.7e-07,121,"33,479"
"Jul 16, 2014",2.6e-07,3.3e-07,1.7e-07,2.5e-07,472,"34,501"
"Jul 15, 2014",2.6e-07,3.5e-07,1.8e-07,2.6e-07,665,"34,167"
"Jul 14, 2014",2.7e-07,3.6e-07,2.6e-07,2.6e-07,161,"35,157"
"Jul 13, 2014",3.4e-07,3.6e-07,2.7e-07,2.7e-07,106,"45,184"
"Jul 12, 2014",3.1e-07,4.3e-07,3.1e-07,3.4e-07,222,"41,100"
"Jul 11, 2014",3.1e-07,4e-07,2.3e-07,3.1e-07,821,"40,616"
"Jul 10, 2014",3.1e-07,3.9e-07,3.1e-07,3.1e-07,528,"40,448"
"Jul 09, 2014",3.1e-07,4e-07,3.1e-07,3.1e-07,235,"40,208"
"Jul 08, 2014",3e-07,3.9e-07,3e-07,3.1e-07,101,"39,070"
"Jul 07, 2014",2.9e-07,3.8e-07,2.8e-07,3.8e-07,0,"37,385"
"Jul 06, 2014",6.2e-07,6.2e-07,2.7e-07,2.9e-07,0,"78,606"
"Jul 05, 2014",2.9e-07,6.2e-07,2.7e-07,2.9e-07,600,"37,313"
"Jul 04, 2014",3.2e-07,6.3e-07,2.9e-07,2.9e-07,119,"40,926"
"Jul 03, 2014",3.8e-07,5.8e-07,3.2e-07,3.2e-07,63,"47,633"
"Jul 02, 2014",4e-07,5.1e-07,3.1e-07,3.3e-07,106,"50,280"
"Jul 01, 2014",3.6e-07,5e-07,3.3e-07,3.9e-07,246,"44,967"
"Jun 30, 2014",4.5e-07,5.3e-07,3.5e-07,3.6e-07,501,"56,027"
"Jun 29, 2014",3.7e-07,6.2e-07,3.6e-07,5e-07,0,"46,474"
"Jun 28, 2014",4.6e-07,6.2e-07,3.7e-07,6.1e-07,1,"57,018"
"Jun 27, 2014",4.5e-07,4.6e-07,3.6e-07,4.6e-07,240,"55,026"
"Jun 26, 2014",4.6e-07,5.5e-07,4.3e-07,4.5e-07,434,"56,589"
"Jun 25, 2014",4.8e-07,5.8e-07,4.6e-07,4.6e-07,1,"58,889"
"Jun 24, 2014",4.4e-07,5.8e-07,4.3e-07,4.8e-07,225,"53,361"
"Jun 23, 2014",4.9e-07,6.6e-07,4.4e-07,4.4e-07,0,"59,362"
"Jun 22, 2014",5.9e-07,8.1e-07,4.9e-07,5.6e-07,0,"71,728"
"Jun 21, 2014",4.9e-07,7.6e-07,4.4e-07,5.9e-07,254,"59,325"
"Jun 20, 2014",5e-07,6.8e-07,4.9e-07,4.9e-07,295,"60,042"
"Jun 19, 2014",4.8e-07,5.9e-07,4.8e-07,5.9e-07,0,"57,930"
"Jun 18, 2014",4.8e-07,5.8e-07,4.8e-07,4.8e-07,46,"57,658"
"Jun 17, 2014",5.8e-07,5.9e-07,4.7e-07,5.1e-07,0,"68,953"
"Jun 16, 2014",5e-07,6.9e-07,4.7e-07,5.8e-07,311,"58,869"
"Jun 15, 2014",5.9e-07,6.9e-07,4.8e-07,6.5e-07,0,"69,760"
"Jun 14, 2014",6.2e-07,7.2e-07,4.4e-07,6e-07,"2,133","72,158"
"Jun 13, 2014",5.1e-07,7.2e-07,4.1e-07,6.1e-07,"3,881","59,310"
"Jun 12, 2014",4.4e-07,6.5e-07,4.3e-07,5.1e-07,306,"50,831"
"Jun 11, 2014",4.4e-07,5.5e-07,3.5e-07,4.4e-07,"2,076","51,429"
"Jun 10, 2014",4.5e-07,0.000001,4.4e-07,4.4e-07,"1,194","51,829"
"Jun 09, 2014",4.5e-07,6.8e-07,4.5e-07,4.5e-07,178,"51,774"
"Jun 08, 2014",5.6e-07,9.3e-07,4.1e-07,4.5e-07,256,"63,558"
"Jun 07, 2014",5.6e-07,9.9e-07,4.4e-07,9.9e-07,0,"63,719"
"Jun 06, 2014",4.5e-07,5.6e-07,4.5e-07,5.6e-07,710,"51,239"
"Jun 05, 2014",4.4e-07,0.000001,4.4e-07,4.6e-07,2,"49,860"
"Jun 04, 2014",4.6e-07,5.5e-07,4.4e-07,4.4e-07,309,"51,193"
"Jun 03, 2014",4.5e-07,5.8e-07,4.5e-07,4.6e-07,374,"50,699"
"Jun 02, 2014",4.5e-07,6.9e-07,4.5e-07,4.5e-07,419,"49,763"
"Jun 01, 2014",4.4e-07,5.6e-07,4.4e-07,4.5e-07,288,"48,527"
"May 31, 2014",5.6e-07,8.6e-07,4.3e-07,4.4e-07,455,"62,220"
"May 30, 2014",6.5e-07,8.7e-07,5.3e-07,5.6e-07,909,"71,182"
"May 29, 2014",6.4e-07,6.5e-07,4.8e-07,6.5e-07,768,"69,786"
"May 28, 2014",5.6e-07,7.2e-07,5.1e-07,5.5e-07,484,"60,762"
"May 27, 2014",5.8e-07,7.3e-07,5.4e-07,5.4e-07,19,"62,702"
"May 26, 2014",5.2e-07,6.9e-07,5.2e-07,5.8e-07,399,"56,525"
"May 25, 2014",4.4e-07,6.9e-07,4.5e-07,5.8e-07,478,"47,913"
"May 24, 2014",5.6e-07,8.4e-07,4.4e-07,4.4e-07,208,"60,389"
"May 23, 2014",4.3e-07,8.9e-07,4.3e-07,5.6e-07,786,"45,721"
"May 22, 2014",5.3e-07,9.1e-07,4.3e-07,4.3e-07,"1,101","52,716"
"May 21, 2014",5.3e-07,9.1e-07,4.3e-07,5.3e-07,"1,123","52,854"
"May 20, 2014",5.2e-07,8.5e-07,5.1e-07,5.3e-07,582,"51,331"
"May 19, 2014",6.2e-07,7.8e-07,5.1e-07,5.2e-07,"2,093","61,831"
"May 18, 2014",6.2e-07,8.9e-07,6.2e-07,6.2e-07,386,"61,860"
"May 17, 2014",6.3e-07,8.3e-07,6.2e-07,6.2e-07,237,"62,433"
"May 16, 2014",6.3e-07,7.3e-07,6.2e-07,6.2e-07,306,"62,668"
"May 15, 2014",7.3e-07,7.6e-07,6.3e-07,6.5e-07,0,"72,763"
"May 14, 2014",7.3e-07,8.3e-07,6e-07,7.3e-07,576,"72,549"
"May 13, 2014",5.2e-07,8.3e-07,5.2e-07,7.3e-07,"1,759","51,906"
"May 12, 2014",5.2e-07,7e-07,5.2e-07,5.2e-07,333,"51,504"
"May 11, 2014",7.5e-07,7.5e-07,5.1e-07,5.2e-07,"1,273","74,720"
"May 10, 2014",7.5e-07,8.6e-07,6.4e-07,7.5e-07,437,"75,004"
"May 09, 2014",6.3e-07,8.6e-07,6e-07,7.5e-07,706,"62,309"
"May 08, 2014",7.4e-07,0.000001,6.3e-07,6.3e-07,838,"73,185"
"May 07, 2014",7.3e-07,9.9e-07,5.3e-07,7.4e-07,"4,594","71,699"
"May 06, 2014",8.2e-07,8.9e-07,6.9e-07,7.3e-07,"1,422","79,392"
"May 05, 2014",9.3e-07,0.000001,7.1e-07,8.1e-07,"1,964","89,472"
"May 04, 2014",9.3e-07,0.000001,9.2e-07,9.3e-07,"1,133","88,416"
"May 03, 2014",9.5e-07,0.000001,9.1e-07,9.3e-07,"1,484","89,415"
"May 02, 2014",0.000001,0.000001,9.4e-07,9.5e-07,"1,122","93,633"
"May 01, 2014",0.000001,0.000001,9.8e-07,1e-06,"1,174","116,568"
"Apr 30, 2014",9.4e-07,0.000001,8.9e-07,0.000001,4,"85,722"
"Apr 29, 2014",0.000001,0.000001,9e-07,9.4e-07,"1,000","91,788"
"Apr 28, 2014",0.000001,0.000001,8.8e-07,0.000001,"1,765","96,547"
"Apr 27, 2014",0.000001,0.000001,8.9e-07,0.000001,"1,224","93,844"
"Apr 26, 2014",0.000001,0.000001,9.5e-07,0.000001,"1,097","104,283"
"Apr 25, 2014",0.000001,0.000002,0.000001,0.000001,"2,476","119,548"
"Apr 24, 2014",0.000001,0.000001,0.000001,0.000001,"1,555","114,703"
"Apr 23, 2014",0.000002,0.000002,0.000001,0.000001,"2,278","132,727"
"Apr 22, 2014",0.000002,0.000002,0.000002,0.000002,"1,636","136,308"
"Apr 21, 2014",0.000002,0.000002,0.000001,0.000002,"3,480","146,343"
"Apr 20, 2014",0.000002,0.000002,0.000002,0.000002,"1,772","147,617"
"Apr 19, 2014",0.000002,0.000002,0.000002,0.000002,"1,818","136,688"
"Apr 18, 2014",0.000002,0.000002,0.000002,0.000002,"1,969","139,646"
"Apr 17, 2014",0.000002,0.000002,0.000002,0.000002,"2,499","159,139"
"Apr 16, 2014",0.000002,0.000002,0.000002,0.000002,"5,478","166,601"
"Apr 15, 2014",0.000001,0.000002,0.000001,0.000002,"6,583","115,537"
"Apr 14, 2014",0.000001,0.000002,0.000001,0.000002,"2,317","94,843"
"Apr 13, 2014",0.000001,0.000002,0.000001,0.000001,"1,835","111,600"
"Apr 12, 2014",0.000002,0.000002,0.000001,0.000001,"1,247","112,528"
"Apr 11, 2014",0.000001,0.000002,0.000001,0.000002,"2,831","85,254"
"Apr 10, 2014",0.000002,0.000002,0.000001,0.000001,"2,601","109,926"
"Apr 09, 2014",0.000002,0.000002,0.000002,0.000002,"2,545","122,137"
"Apr 08, 2014",0.000002,0.000002,0.000002,0.000002,"2,624","126,519"
"Apr 07, 2014",0.000002,0.000002,0.000002,0.000002,"2,297","129,649"
"Apr 06, 2014",0.000002,0.000002,0.000002,0.000002,"1,509","114,957"
"Apr 05, 2014",0.000002,0.000002,0.000002,0.000002,"1,397","119,010"
"Apr 04, 2014",0.000002,0.000002,0.000002,0.000002,"1,438","125,539"
"Apr 03, 2014",0.000002,0.000002,0.000001,0.000002,"3,618","118,556"
"Apr 02, 2014",0.000002,0.000002,0.000002,0.000002,"2,524","144,344"
"Apr 01, 2014",0.000002,0.000002,0.000002,0.000002,"2,248","146,929"
"Mar 31, 2014",0.000002,0.000002,0.000002,0.000002,"4,005","140,172"
"Mar 30, 2014",0.000002,0.000002,0.000002,0.000002,"4,997","116,562"
"Mar 29, 2014",0.000002,0.000002,0.000002,0.000002,"2,073","135,561"
"Mar 28, 2014",0.000002,0.000003,0.000002,0.000002,"2,610","121,508"
"Mar 27, 2014",0.000003,0.000003,0.000002,0.000002,"3,144","153,870"
"Mar 26, 2014",0.000003,0.000003,0.000003,0.000003,"4,107","160,933"
"Mar 25, 2014",0.000003,0.000003,0.000003,0.000003,"3,768","157,629"
"Mar 24, 2014",0.000003,0.000003,0.000003,0.000003,"5,199","161,269"
"Mar 23, 2014",0.000003,0.000003,0.000003,0.000003,"4,621","182,410"
"Mar 22, 2014",0.000003,0.000004,0.000003,0.000003,"9,504","144,417"
"Mar 21, 2014",0.000002,0.000003,0.000002,0.000003,"5,989","131,214"
"Mar 20, 2014",0.000003,0.000003,0.000002,0.000002,"7,855","161,749"
"Mar 19, 2014",0.000003,0.000005,0.000002,0.000003,"14,147","129,957"
"Mar 18, 2014",0.000003,0.000003,0.000002,0.000003,"13,188","139,893"
"Mar 17, 2014",0.000005,0.000005,0.000003,0.000003,"4,587","236,141"
"Mar 16, 2014",0.000006,0.000008,0.000005,0.000005,"7,886","286,678"
"Mar 15, 2014",0.000006,0.000007,0.000006,0.000006,"7,627","291,773"
"Mar 14, 2014",0.000007,0.000008,0.000006,0.000006,"10,272","316,554"
"Mar 13, 2014",0.000006,0.000011,0.000006,0.000007,"10,474","295,078"
"Mar 12, 2014",0.000006,0.000010,0.000006,0.000006,"11,626","281,948"
"Mar 11, 2014",0.000006,0.000011,0.000006,0.000006,"18,342","274,740"
"Mar 10, 2014",0.000006,0.000011,0.000006,0.000006,"25,733","275,760"
"Mar 09, 2014",0.000008,0.000012,0.000006,0.000006,"10,755","333,726"
"Mar 08, 2014",0.000012,0.000013,0.000006,0.000008,"8,726","513,823"
"Mar 07, 2014",0.000013,0.000019,0.000008,0.000012,"45,933","533,334"
"Mar 06, 2014",0.000013,0.000019,0.000013,0.000013,"14,859","526,486"
"Mar 03, 2014",0.000013,0.000017,0.000012,0.000017,"29,369","344,484"
"Mar 02, 2014",0.000018,0.000022,0.000013,0.000013,"19,685","478,977"
"Mar 01, 2014",0.000022,0.000023,0.000017,0.000018,"29,272","597,638"
"Feb 28, 2014",0.000029,0.000029,0.000022,0.000022,"28,137","766,972"
"Feb 27, 2014",0.000024,0.000033,0.000023,0.000029,"3,732","635,870"
"Feb 26, 2014",0.000022,0.000029,0.000018,0.000024,"38,473","579,468"
"Feb 25, 2014",0.000027,0.000030,0.000018,0.000022,"32,597","736,916"
"Feb 24, 2014",0.000036,0.000036,0.000027,0.000028,"59,525","970,697"
"Feb 23, 2014",0.000037,0.000044,0.000036,0.000036,"60,422","985,206"
"Feb 22, 2014",0.000044,0.000048,0.000029,0.000037,"37,505","1,173,140"
"Feb 21, 2014",0.000050,0.000050,0.000033,0.000044,"35,744","1,328,970"
"Feb 20, 2014",0.000045,0.000054,0.000042,0.000049,"17,087","1,206,260"
"Feb 19, 2014",0.000051,0.000056,0.000044,0.000050,"47,259","1,361,410"
"Feb 18, 2014",0.000056,0.000063,0.000050,0.000051,"17,625","1,510,160"
"Feb 17, 2014",0.000055,0.000063,0.000050,0.000054,"29,671","1,479,930"
"Feb 16, 2014",0.000059,0.000065,0.000053,0.000056,"18,491","1,573,000"
"Feb 15, 2014",0.000059,0.000065,0.000057,0.000059,"17,212","1,591,430"
"Feb 14, 2014",0.000055,0.000067,0.000049,0.000065,"65,286","1,462,290"
"Feb 13, 2014",0.000071,0.000072,0.000055,0.000060,"42,738","1,904,340"
"Feb 12, 2014",0.000067,0.000073,0.000059,0.000059,"48,506","1,799,330"
"Feb 11, 2014",0.000068,0.000077,0.000061,0.000067,"71,932","1,831,110"
"Feb 10, 2014",0.000068,0.000076,0.000050,0.000068,"86,855","1,829,700"
"Feb 09, 2014",0.000074,0.000078,0.000062,0.000062,"80,559","1,981,150"
"Feb 08, 2014",0.000077,0.000086,0.000069,0.000075,"42,025","2,050,180"
"Feb 07, 2014",0.000094,0.000094,0.000073,0.000078,"128,101","2,504,270"
"Feb 06, 2014",0.000097,0.000104,0.000090,0.000094,"43,402","2,599,700"
"Feb 05, 2014",0.000108,0.000115,0.000091,0.000097,"156,478","2,870,440"
"Feb 04, 2014",0.000111,0.000148,0.000100,0.000100,"588,765","2,945,070"
"Feb 03, 2014",0.000072,0.000129,0.000055,0.000111,"82,122","1,910,950"
"Feb 02, 2014",0.000072,0.000081,0.000067,0.000072,"16,403","1,905,770"
"Feb 01, 2014",0.000087,0.000091,0.000072,0.000072,"18,286","2,323,540"
"Jan 31, 2014",0.000104,0.000106,0.000084,0.000087,"24,855","2,726,040"
"Jan 30, 2014",0.000107,0.000114,0.000103,0.000107,"22,427","2,792,900"
"Jan 29, 2014",0.000101,0.000115,0.000100,0.000106,"17,247","2,643,150"
"Jan 28, 2014",0.000098,0.000123,0.000089,0.000102,"41,755","2,538,110"
"Jan 27, 2014",0.000137,0.000140,0.000096,0.000098,"33,466","3,490,320"
"Jan 26, 2014",0.000155,0.000157,0.000112,0.000138,"103,589","3,824,280"
"Jan 25, 2014",0.000191,0.000194,0.000134,0.000154,"97,316","4,583,520"
"Jan 24, 2014",0.000190,0.000258,0.000154,0.000191,"424,852","4,409,800"
"Jan 23, 2014",0.000040,0.000190,0.000040,0.000188,"68,037","874,631"
"Jan 22, 2014",0.000039,0.000040,0.000030,0.000039,"6,709","837,440"
"Jan 21, 2014",0.000033,0.000045,0.000029,0.000041,"13,834","703,648"
"Jan 20, 2014",0.000012,0.000046,0.000010,0.000034,"36,821","242,325"
"Jan 19, 2014",0.000003,0.000012,0.000003,0.000012,"18,041","51,929"
"Jan 18, 2014",0.000003,0.000003,0.000003,0.000003,387,"51,596"
"Jan 17, 2014",0.000003,0.000003,0.000003,0.000003,498,"51,933"
"Jan 16, 2014",0.000003,0.000004,0.000002,0.000003,546,"53,690"
"Jan 15, 2014",0.000002,0.000004,0.000002,0.000003,555,"31,244"
"Jan 14, 2014",0.000005,0.000005,0.000002,0.000002,"1,508","67,700"
"Jan 13, 2014",0.000006,0.000006,0.000005,0.000005,"1,980","75,752"
"Jan 12, 2014",0.000006,0.000006,0.000006,0.000006,"2,264","77,227"
"Jan 11, 2014",0.000010,0.000012,0.000009,0.000009,1,"108,754"
"Jan 10, 2014",0.000014,0.000014,0.000008,0.000010,"1,812","144,114"
"Jan 09, 2014",0.000012,0.000015,0.000008,0.000014,"2,298","115,151"
"Jan 08, 2014",0.000015,0.000018,0.000010,0.000012,782,"134,577"
"Jan 07, 2014",0.000010,0.000019,0.000010,0.000015,"2,166","82,925"
"Jan 06, 2014",0.000010,0.000019,0.000009,0.000010,"1,754","72,279"
